$
                                                 0                   0            0 3    0    0
294.2      0  0
 1 51    7
       952.1147     291.8                       1.01E+032.9E+02        891.460 289.25
     0.01594656   0.0003549576   3.187216E-08   3.201477E-07   1.473524E-07   1.700785E-06      0.2089752   2.021214E+24
        841.897       287                                              792.287 284.60
     0.01123016   0.0003549588   3.545624E-08   3.201481E-07   1.420322E-07   1.700786E-06      0.2089757   1.659438E+24
       755.3917     282.2                                              718.704 279.80
    0.007675193   0.0003549453   3.947731E-08   3.201295E-07   1.374636E-07   1.700688E-06      0.2089678   1.215815E+24
       685.0609     277.4                                              651.552 275.00
    0.005268864   0.0003549775   4.392109E-08   3.201735E-07   1.338817E-07   1.700017E-06      0.2089866   1.125021E+24
       620.7571     272.6                                              589.841 270.20
    0.003629773   0.0003549861   4.885031E-08   3.202026E-07   1.313574E-07   1.696719E-06      0.2089919   1.038391E+24
       561.5159     267.8                                              532.986 265.40
    0.002390028   0.0003549922   5.442261E-08   3.202492E-07    1.30463E-07    1.68909E-06      0.2089954   9.572807E+23
       506.7787       263                                              480.526 260.55
    0.001706675   0.0003550002   6.125046E-08   3.201805E-07   1.293139E-07    1.67747E-06          0.209   8.808569E+23
       458.9778     258.3                                              437.556 256.00
     0.00127183   0.0003550064   6.985577E-08    3.20151E-07   1.270194E-07   1.662503E-06      0.2090037   7.106746E+23
       417.8179     253.8                                              398.085 251.45
   0.0009565569   0.0003550079    7.94636E-08   3.200695E-07   1.237766E-07   1.646968E-06      0.2090046   6.591903E+23
       379.9846     249.2                                              361.862 246.90
   0.0006966674   0.0003550088   8.915115E-08    3.19647E-07   1.194033E-07    1.63298E-06      0.2090052   6.106029E+23
       345.1331     244.7                                              328.507 242.35
   0.0005082961    0.000355011   1.016803E-07   3.179428E-07   1.135294E-07   1.622328E-06      0.2090065    5.64623E+23
            313     240.1                                              297.469 237.86
    0.000365847   0.0003550107   1.155858E-07   3.148541E-07   1.070034E-07   1.607142E-06      0.2090063   5.221125E+23
       283.2681     235.6                                              269.015 233.35
   0.0002497766   0.0003550116   1.306846E-07   3.099395E-07   1.001544E-07   1.582067E-06       0.209007   4.812233E+23
       255.9648     231.1                                              243.000 228.80
   0.0001363627   0.0003550095   1.604811E-07   3.028905E-07   9.315255E-08   1.556225E-06      0.2090056   4.437436E+23
        230.793     226.6                                              218.668 224.25
   6.547217E-05   0.0003550122   1.935083E-07   2.972814E-07   8.558847E-08   1.531325E-06      0.2090071   4.081444E+23
       207.5901       222                                              196.440 219.70
   2.841966E-05   0.0003550156   2.275129E-07   2.933025E-07   7.719176E-08   1.508051E-06      0.2090093   3.743677E+23
       179.6777     216.8                                              162.913 215.74
   9.697312E-06   0.0003550089    3.04286E-07   2.865449E-07   6.388164E-08   1.480642E-06      0.2090052   5.680837E+23
       149.8259     215.7                                              136.511 215.70
   4.820702E-06   0.0003549994   4.398195E-07   2.790299E-07   4.879749E-08   1.447962E-06      0.2089997   4.364273E+23
        125.467     215.7                                              114.564 215.70
   3.431852E-06   0.0003549992   5.238299E-07   2.697383E-07   3.729861E-08   1.415268E-06      0.2089995   3.653475E+23
       105.5072     215.7                                               96.490 215.70
   3.266326E-06   0.0003549994   6.321625E-07   2.546713E-07   2.872369E-08   1.379503E-06      0.2089996   3.073926E+23
       88.85838     216.2                                               81.200 216.80
   3.178493E-06   0.0003549993   8.230228E-07   2.313247E-07   2.254575E-08   1.342601E-06      0.2089996   2.582808E+23
       74.81903     217.4                                               68.429 218.03
    3.17683E-06   0.0003549994   1.251242E-06   1.995079E-07   1.737982E-08   1.301465E-06      0.2089997   2.162758E+23
       63.06029     218.7                                               57.694 219.44
   3.263942E-06   0.0003549997   1.803911E-06   1.690809E-07   1.411155E-08   1.245194E-06      0.2089999   1.811726E+23
       53.19867     220.1                                               48.690 220.76
   3.409515E-06   0.0003549997   2.290811E-06   1.399189E-07    1.26229E-08   1.172214E-06      0.2089999   1.518355E+23
       44.59128     221.5                                               40.535 222.20
    3.59095E-06   0.0003550001   2.832489E-06   1.172268E-07   1.239781E-08   1.075868E-06          0.209   1.379885E+23
       37.16316     222.9                                               33.733 223.57
     3.8501E-06       0.000355   3.451783E-06    1.03319E-07   1.316718E-08   9.651576E-07      0.2089999   1.142686E+23
       30.91292     224.2                                               28.120 224.98
   4.057546E-06   0.0003549996   4.221977E-06    9.43827E-08   1.435087E-08   8.540146E-07      0.2089999   9.444047E+22
        25.6397     225.8                                               23.156 226.71
   4.251363E-06   0.0003550038   5.032684E-06   8.756195E-08   1.562545E-08   7.710717E-07      0.2090022   8.427314E+22
       20.97451     227.6                                               18.791 228.66
   4.386334E-06   0.0003550042   5.677524E-06   8.240414E-08   1.670878E-08   7.253898E-07      0.2090025   7.359347E+22
        16.9346     230.2                                               15.069 231.81
   4.530919E-06   0.0003550114   6.313901E-06   7.559601E-08   1.809111E-08   6.803209E-07      0.2090067   6.292678E+22
       13.41941     233.5                                               11.801 235.40
   4.683903E-06   0.0003550097    6.96191E-06    6.69516E-08    1.98434E-08   6.340159E-07      0.2090057   5.563769E+22
       10.30125     237.5                                                8.786 239.99
   4.806785E-06   0.0003550092   7.772886E-06   5.415064E-08   2.187493E-08   5.794136E-07      0.2090054   5.176087E+22
       7.703475     242.3                                                6.613 244.95
   4.903907E-06   0.0003550098   8.524655E-06   4.242684E-08   2.384691E-08   5.273658E-07      0.2090057   3.614628E+22
       5.824757     247.3                                                5.035 249.84
    4.96704E-06   0.0003550082    8.83051E-06   3.257112E-08   2.564689E-08   4.816067E-07      0.2090048   2.680136E+22
       4.442682     252.2                                                3.853 254.77
   5.016137E-06   0.0003550109   8.490472E-06   2.401585E-08   2.751358E-08   4.375482E-07      0.2090065   2.004938E+22
       3.407392     257.1                                                2.964 259.73
   5.101306E-06   0.0003550119   7.562183E-06   1.778397E-08   2.943195E-08   3.945736E-07       0.209007   1.508369E+22
       2.627624     262.1                                                2.292 264.69
   5.247134E-06   0.0003550104   6.296635E-06   1.292151E-08   3.093805E-08   3.521513E-07      0.2090061   1.141425E+22
       2.037819     267.1                                                1.782 269.65
   5.381013E-06   0.0003550079   5.104384E-06   9.307509E-09   3.230932E-08   3.103125E-07      0.2090046    8.69035E+21
        1.56118       272                                                1.339 274.56
   5.469734E-06   0.0003550026   4.082109E-06   6.667785E-09   3.380056E-08   2.673139E-07      0.2090015   7.506483E+21
      0.9634139     274.4                                                0.589 270.71
   5.473562E-06   0.0003550034    2.81551E-06   3.591239E-09   3.646438E-08   2.008872E-07       0.209002   1.277455E+22
      0.5106084     268.8                                                0.431 265.88
   5.332653E-06    0.000355023   1.803627E-06   2.030947E-09   3.960169E-08   1.587838E-07      0.2090136   2.698914E+21
      0.3820259     263.5                                                0.334 261.00
   5.183121E-06   0.0003550792   1.545081E-06   1.704759E-09   4.265452E-08   1.540019E-07      0.2090466   1.651858E+21
      0.2975729     258.8                                                0.261 256.08
   5.046031E-06   0.0003550395   1.359472E-06   1.473226E-09   4.569546E-08   1.511481E-07      0.2090233    1.24552E+21
      0.2388066     253.8                                                0.216 251.32
   4.878051E-06   0.0003551129   1.183245E-06   1.315213E-09   4.977486E-08   1.501524E-07      0.2090664   7.526251E+20
      0.1978831       249                                                0.179 246.56
    4.70756E-06     0.00035519    1.03307E-06     1.2046E-09   5.437798E-08   1.501849E-07      0.2091119   6.353185E+20
      0.1639725     244.2                                                0.149 241.80
    4.54137E-06   0.0003551377    9.01627E-07   1.102887E-09   5.938514E-08   1.501624E-07       0.209081   5.367308E+20
      0.1372726     239.6                                                0.126 237.02
   4.383781E-06   0.0003550695   7.878849E-07   1.017357E-09   6.522338E-08   1.501347E-07       0.209041   3.928948E+20
      0.1161604     234.7                                                0.107 232.18
   4.218925E-06   0.0003552808   6.750951E-07   9.552473E-10   7.461885E-08   1.502303E-07      0.2091654   3.110772E+20
     0.09893014     229.8                                                0.091 227.34
   4.062341E-06    0.000355387   5.797864E-07   9.000983E-10   8.533959E-08   1.502819E-07      0.2092279   2.706154E+20
     0.08425573       225                                                0.078 222.50
   3.909832E-06   0.0003553353   4.977125E-07   8.477577E-10   9.755652E-08   1.502668E-07      0.2091975    2.35444E+20
     0.07224684     220.3                                                0.067 218.10
   3.767677E-06   0.0003551359   4.298452E-07   8.001817E-10   1.108153E-07   1.501888E-07        0.20908   1.874612E+20
%