 Wavenumbers:   10.0 - 3250.0 cm-1, ATM      1
 LEVEL    PRESSURE   UPWARD FLUX   DOWNWARD FLUX    NET FLUX       HEATING RATE
             mb          W/m2          W/m2           W/m2          degree/day
  60         .000300   287.2377        0.0000       287.2376562            0.00000
  59        0.1000     287.2773        0.1150       287.1623557           -6.36981
  58        0.1403     287.2987        0.1534       287.1453400           -3.56098
  57        0.1968     287.3257        0.2102       287.1154573           -4.46061
  56        0.2760     287.3577        0.2926       287.0650415           -5.36866
  55        0.3871     287.3924        0.4146       286.9777882           -6.62357
  54        0.5430     287.4198        0.5971       286.8227219           -8.38871
  53        0.7617     287.4068        0.8690       286.5378157          -10.98695
  52        1.069      287.3217        1.2058       286.1158929          -11.59849
  51        1.499      287.1903        1.5967       285.5935728          -10.23739
  50        2.102      286.9983        2.0422       284.9561685           -8.90614
  49        2.949      286.7581        2.5435       284.2145118           -7.38837
  48        4.137      286.4738        3.1140       283.3598316           -6.06956
  47        5.803      286.1503        3.7762       282.3741530           -4.99011
  46        8.139      285.7975        4.5630       281.2345231           -4.11325
  45       11.42       285.4281        5.4828       279.9453481           -3.31706
  44       16.01       285.0649        6.5187       278.5462645           -2.56642
  43       22.46       284.7463        7.6684       277.0779297           -1.92016
  42       31.51       284.5153        8.9262       275.5890983           -1.38800
  41       44.20       284.3471       10.2261       274.1209291           -0.97577
  40       62.00       284.3362       11.1566       273.1796249           -0.44600
  39       85.78       284.9970       11.6184       273.3786050            0.07059
  38      109.6        286.8943       12.1534       274.7409148            0.48326
  37      133.1        289.5981       13.9581       275.6399539            0.32265
  36      156.8        292.2295       16.4526       275.7769341            0.04854
  35      180.6        294.9328       19.6849       275.2479061           -0.18770
  34      202.8        297.5670       23.9136       273.6533530           -0.60504
  33      228.4        300.3956       29.9437       270.4519376           -1.05560
  32      252.2        303.4555       37.5337       265.9218346           -1.60698
  31      276.0        306.7138       46.2973       260.4165450           -1.95292
  30      299.8        310.2691       56.1292       254.1398687           -2.22655
  29      323.5        314.1152       66.5594       247.5558903           -2.33556
  28      347.3        318.2040       77.3203       240.8837270           -2.36685
  27      371.1        322.4475       88.0112       234.4362839           -2.28713
  26      394.9        326.9082       98.9546       227.9536378           -2.29962
  25      418.6        331.5332      109.9748       221.5584143           -2.26861
  24      442.4        336.3215      121.1421       215.1793190           -2.26289
  23      466.2        341.2452      132.3174       208.9278262           -2.21762
  22      490.0        346.2358      143.4554       202.7804512           -2.18069
  21      513.7        351.3656      154.7947       196.5709884           -2.20271
  20      537.5        356.5943      166.2125       190.3817849           -2.19552
  19      561.3        361.9009      177.6998       184.2010793           -2.19251
  18      585.1        367.3271      189.2958       178.0312306           -2.18866
  17      608.8        372.7730      200.7231       172.0499483           -2.12177
  16      632.6        378.1823      211.9854       166.1969683           -2.07625
  15      656.4        383.5911      223.3560       160.2351374           -2.11487
  14      680.2        388.8548      234.6538       154.2010079           -2.14051
  13      703.9        393.8152      245.7207       148.0944990           -2.16619
  12      727.7        398.4102      256.5671       141.8430935           -2.21759
  11      751.5        402.7879      267.3053       135.4826555           -2.25627
  10      775.3        407.2505      278.0896       129.1609164           -2.24254
   9      799.0        412.0751      289.3365       122.7385863           -2.27822
   8      822.8        417.3927      301.2400       116.1527691           -2.33622
   7      846.6        422.9593      313.1223       109.8370342           -2.24041
   6      870.4        428.6229      325.0277       103.5952044           -2.21419
   5      894.1        434.2698      336.9281        97.3416853           -2.21834
   4      917.9        439.8299      348.9274        90.9025554           -2.28418
   3      941.7        445.2820      361.0613        84.2207171           -2.37028
   2      965.5        450.5207      373.2281        77.2925399           -2.45766
   1      989.2        455.4160      385.4153        70.0006840           -2.58613
   0     1013.0        459.2934      397.5647        61.7286800           -2.93498

  Modules and versions used in this calculation:

                rrtm.f:  $Revision: 3.6 $                     rrtatm.f:  NOT USED          
                 rtr.f:  NOT USED                             rtrcld.f:  NOT USED          
               rtreg.f:  $Revision: 3.4 $                   rtregcld.f:  NOT USED          
            rtrcldmr.f:  NOT USED                         rtregcldmr.f:  NOT USED          
             setcoef.f:  $Revision: 3.4 $                    cldprop.f:  NOT USED          
            util_xxx.f:  NOT USED                             taumol.f:  $Revision: 3.6 $  
              rtrdis.f:  NOT USED                             disort.f:  NOT USED          
               extra.f:  NOT USED                            ErrPack.f:  NOT USED          
              LINPAK.f:  NOT USED                           RDI1MACH.f:  NOT USED          
              k_gB01.f:  $Revision: 3.2 $                     k_gB02.f:  $Revision: 3.2 $  
              k_gB03.f:  $Revision: 3.2 $                     k_gB04.f:  $Revision: 3.2 $  
              k_gB05.f:  $Revision: 3.3 $                     k_gB06.f:  $Revision: 3.2 $  
              k_gB07.f:  $Revision: 3.2 $                     k_gB08.f:  $Revision: 3.2 $  
              k_gB09.f:  $Revision: 3.2 $                     k_gB10.f:  $Revision: 3.2 $  
              k_gB11.f:  $Revision: 3.2 $                     k_gB12.f:  $Revision: 3.4 $  
              k_gB13.f:  $Revision: 3.2 $                     k_gB14.f:  $Revision: 3.2 $  
              k_gB15.f:  $Revision: 3.3 $                     k_gB16.f:  $Revision: 3.3 $  

