 Wavenumbers:   10.0 - 3250.0 cm-1, ATM      1
 LEVEL    PRESSURE   UPWARD FLUX   DOWNWARD FLUX    NET FLUX       HEATING RATE
             mb          W/m2          W/m2           W/m2          degree/day
  60         .000400   230.8214        0.0000       230.8214225            0.00000
  59         .06920    230.8640        0.0986       230.7653661           -6.87164
  58         .09590    230.8761        0.1338       230.7422408           -7.30466
  57        0.1353     230.8909        0.1832       230.7077289           -7.38750
  56        0.1908     230.9069        0.2484       230.6585092           -7.47945
  55        0.2701     230.9222        0.3402       230.5820077           -8.13618
  54        0.3824     230.9278        0.4681       230.4596858           -9.18646
  53        0.5428     230.9107        0.6444       230.2662279          -10.17199
  52        0.7717     230.8506        0.8845       229.9660625          -11.05959
  51        1.095      230.7137        1.1810       229.5326335          -11.29972
  50        1.558      230.5237        1.4842       229.0395684           -8.99507
  49        2.226      230.3042        1.7977       228.5065000           -6.72319
  48        3.186      230.0629        2.1226       227.9402802           -4.97437
  47        4.573      229.8142        2.4627       227.3515060           -3.58140
  46        6.560      229.5937        2.8453       226.7483298           -2.56018
  45        9.467      229.4770        3.3729       226.1041011           -1.86898
  44       13.65       229.4491        4.1513       225.2977520           -1.62461
  43       19.56       229.5293        5.2157       224.3136498           -1.40424
  42       27.95       229.7314        6.6846       223.0468145           -1.27330
  41       39.56       230.0705        8.5555       221.5149798           -1.11335
  40       55.97       230.6197       10.8125       219.8072445           -0.87737
  39       77.74       231.4019       13.3317       218.0701707           -0.67295
  38       99.38       232.1348       15.4885       216.6463127           -0.55512
  37      120.7        232.8653       17.4090       215.4563925           -0.47065
  36      141.5        233.5919       19.1341       214.4578232           -0.40536
  35      162.8        234.3817       20.8060       213.5757340           -0.34897
  34      184.3        235.2008       22.4564       212.7444583           -0.32643
  33      206.3        236.0560       24.2113       211.8447660           -0.34456
  32      228.8        236.9942       26.2453       210.7489472           -0.41061
  31      251.9        238.2224       29.0262       209.1961850           -0.56691
  30      275.3        240.2117       33.0254       207.1863196           -0.72514
  29      298.8        242.3408       37.8577       204.4830963           -0.96801
  28      322.5        244.5584       43.3087       201.2497282           -1.15018
  27      346.4        246.8135       49.1638       197.6497062           -1.27394
  26      370.2        249.1720       55.5415       193.6305377           -1.42173
  25      394.2        251.6140       62.3389       189.2750459           -1.53433
  24      418.0        254.1865       69.5570       184.6294751           -1.64435
  23      441.8        256.8738       77.1131       179.7606646           -1.72474
  22      465.7        259.6843       84.9458       174.7385334           -1.77080
  21      490.0        262.6554       92.8764       169.7790797           -1.72277
  20      514.3        265.6486      100.5899       165.0586734           -1.63421
  19      538.8        268.7010      108.2495       160.4515050           -1.58790
  18      563.4        271.8251      115.9473       155.8778261           -1.56695
  17      588.1        274.9329      123.5440       151.3888492           -1.53307
  16      612.9        278.0323      131.1266       146.9056950           -1.52719
  15      637.7        281.1599      138.8653       142.2946427           -1.56942
  14      662.5        284.2342      146.6488       137.5853389           -1.59848
  13      687.4        287.1249      154.4568       132.6681605           -1.66475
  12      712.2        289.3363      161.6926       127.6436626           -1.71084
  11      736.9        291.3704      168.1486       123.2217544           -1.50681
  10      761.7        293.3877      174.2184       119.1693001           -1.37824
   9      786.6        295.3734      179.9802       115.3931108           -1.28175
   8      812.0        297.4028      185.6426       111.7601464           -1.20624
   7      837.5        299.4027      191.0384       108.3643500           -1.12145
   6      863.1        301.3569      196.1910       105.1658882           -1.05376
   5      888.8        303.2533      201.1277       102.1256721           -0.99921
   4      914.5        305.1157      205.9318        99.1839527           -0.96439
   3      940.3        306.9118      210.6080        96.3037198           -0.94196
   2      966.1        308.6006      215.1633        93.4372824           -0.93542
   1      992.1        310.1347      219.5985        90.5362499           -0.94448
   0     1018.0        311.2908      223.9449        87.3458563           -1.03689

  Modules and versions used in this calculation:

                rrtm.f:  $Revision: 3.6 $                     rrtatm.f:  NOT USED          
                 rtr.f:  NOT USED                             rtrcld.f:  NOT USED          
               rtreg.f:  $Revision: 3.4 $                   rtregcld.f:  NOT USED          
            rtrcldmr.f:  NOT USED                         rtregcldmr.f:  NOT USED          
             setcoef.f:  $Revision: 3.4 $                    cldprop.f:  NOT USED          
            util_xxx.f:  NOT USED                             taumol.f:  $Revision: 3.6 $  
              rtrdis.f:  NOT USED                             disort.f:  NOT USED          
               extra.f:  NOT USED                            ErrPack.f:  NOT USED          
              LINPAK.f:  NOT USED                           RDI1MACH.f:  NOT USED          
              k_gB01.f:  $Revision: 3.2 $                     k_gB02.f:  $Revision: 3.2 $  
              k_gB03.f:  $Revision: 3.2 $                     k_gB04.f:  $Revision: 3.2 $  
              k_gB05.f:  $Revision: 3.3 $                     k_gB06.f:  $Revision: 3.2 $  
              k_gB07.f:  $Revision: 3.2 $                     k_gB08.f:  $Revision: 3.2 $  
              k_gB09.f:  $Revision: 3.2 $                     k_gB10.f:  $Revision: 3.2 $  
              k_gB11.f:  $Revision: 3.2 $                     k_gB12.f:  $Revision: 3.4 $  
              k_gB13.f:  $Revision: 3.2 $                     k_gB14.f:  $Revision: 3.2 $  
              k_gB15.f:  $Revision: 3.3 $                     k_gB16.f:  $Revision: 3.3 $  

