 Wavenumbers:   10.0 - 3250.0 cm-1, ATM      1
 LEVEL    PRESSURE   UPWARD FLUX   DOWNWARD FLUX    NET FLUX       HEATING RATE
             mb          W/m2          W/m2           W/m2          degree/day
  51         .06700    281.4291        0.0000       281.4291319            0.00000
  50         .07753    281.4379        0.0366       281.4012991          -22.29428
  49         .09103    281.4487        0.0581       281.3906624           -6.64402
  48        0.1069     281.4606        0.0810       281.3796362           -5.86559
  47        0.1255     281.4736        0.1072       281.3663280           -6.02950
  46        0.1487     281.4882        0.1402       281.3479937           -6.67881
  45        0.1794     281.5062        0.1836       281.3225523           -6.97987
  44        0.2165     281.5253        0.2342       281.2910263           -7.16707
  43        0.2613     281.5444        0.2944       281.2499837           -7.73147
  42        0.3336     281.5676        0.3920       281.1756001           -8.66692
  41        0.4307     281.5886        0.5188       281.0697877           -9.19434
  40        0.5894     281.5957        0.7260       280.8696776          -10.63488
  39        1.339      281.4215        1.6250       279.7964365          -12.07511
  38        1.782      281.2390        2.0314       279.2076770          -11.20195
  37        2.292      281.0478        2.4060       278.6417316           -9.36761
  36        2.964      280.8289        2.8113       278.0175187           -7.83081
  35        3.853      280.5787        3.2620       277.3167663           -6.64607
  34        5.035      280.3000        3.7723       276.5277387           -5.63292
  33        6.613      279.9986        4.3650       275.6336154           -4.77696
  32        8.786      279.6880        5.0593       274.6287175           -3.90019
  31       11.80       279.3840        5.9075       273.4765097           -3.22378
  30       15.07       279.1626        6.6812       272.4814476           -2.56743
  29       18.79       279.0176        7.4345       271.5831079           -2.03553
  28       23.16       278.9629        8.2453       270.7176534           -1.67245
  27       28.12       278.9610        9.1037       269.8572889           -1.46164
  26       33.73       279.0096        9.9724       269.0372025           -1.23224
  25       40.54       279.1004       10.9141       268.1863544           -1.05491
  24       48.69       279.2533       11.8977       267.3555342           -0.85923
  23       57.69       279.4642       12.8287       266.6354608           -0.67453
  22       68.43       279.7595       13.7641       265.9954203           -0.50284
  21       81.20       280.1363       14.7048       265.4314873           -0.37240
  20       96.49       280.6242       15.6653       264.9589856           -0.26062
  19      114.6        281.3956       16.8361       264.5595166           -0.18641
  18      136.5        282.3947       18.1952       264.1994780           -0.13836
  17      162.9        283.8516       19.9469       263.9047011           -0.09416
  16      196.4        286.8155       23.5572       263.2583220           -0.16260
  15      218.7        289.2423       28.4761       260.7661566           -0.94558
  14      243.0        292.1715       36.0802       256.0912402           -1.62039
  13      269.0        295.7242       46.1932       249.5310112           -2.12676
  12      297.5        300.0352       58.0989       241.9362650           -2.25110
  11      328.5        304.9963       70.5399       234.4563780           -2.03248
  10      361.9        310.6507       83.8256       226.8250509           -1.92958
   9      398.1        317.0027       98.2505       218.7521323           -1.87962
   8      437.6        324.1412      114.1775       209.9637505           -1.87782
   7      480.5        331.9612      131.4977       200.4635074           -1.86463
   6      533.0        341.4562      152.7200       188.7361259           -1.88537
   5      589.8        351.9272      175.9672       175.9600508           -1.89519
   4      651.6        363.8261      202.4048       161.4213296           -1.98695
   3      718.7        377.0717      230.7421       146.3296433           -1.89541
   2      792.3        391.4222      261.4331       129.9890788           -1.87290
   1      891.5        407.6101      300.3693       107.2407922           -1.93455
   0     1013.0        424.7960      348.6011        76.1949731           -2.15431

  Modules and versions used in this calculation:

                rrtm.f:  $Revision: 3.6 $                     rrtatm.f:  NOT USED          
                 rtr.f:  NOT USED                             rtrcld.f:  NOT USED          
               rtreg.f:  $Revision: 3.4 $                   rtregcld.f:  NOT USED          
            rtrcldmr.f:  NOT USED                         rtregcldmr.f:  NOT USED          
             setcoef.f:  $Revision: 3.4 $                    cldprop.f:  NOT USED          
            util_xxx.f:  NOT USED                             taumol.f:  $Revision: 3.6 $  
              rtrdis.f:  NOT USED                             disort.f:  NOT USED          
               extra.f:  NOT USED                            ErrPack.f:  NOT USED          
              LINPAK.f:  NOT USED                           RDI1MACH.f:  NOT USED          
              k_gB01.f:  $Revision: 3.2 $                     k_gB02.f:  $Revision: 3.2 $  
              k_gB03.f:  $Revision: 3.2 $                     k_gB04.f:  $Revision: 3.2 $  
              k_gB05.f:  $Revision: 3.3 $                     k_gB06.f:  $Revision: 3.2 $  
              k_gB07.f:  $Revision: 3.2 $                     k_gB08.f:  $Revision: 3.2 $  
              k_gB09.f:  $Revision: 3.2 $                     k_gB10.f:  $Revision: 3.2 $  
              k_gB11.f:  $Revision: 3.2 $                     k_gB12.f:  $Revision: 3.4 $  
              k_gB13.f:  $Revision: 3.2 $                     k_gB14.f:  $Revision: 3.2 $  
              k_gB15.f:  $Revision: 3.3 $                     k_gB16.f:  $Revision: 3.3 $  

