$
                                                  0                   0            0 3    0    0
 3.000E+02 0  0
 1 60    7
   1001.1000000  299.3800                       1013.000 300.00       989.2300 298.75
  2.5574444E-02  3.6392841E-04  3.1277953E-08  3.2001682E-07  1.4947683E-07  1.7000903E-06  2.1433820E-01  3.8689999E+23
    977.3300000  298.1100                                             965.45000297.47
  2.4047768E-02  3.6333918E-04  3.1895571E-08  3.2000938E-07  1.4841285E-07  1.7000505E-06  2.1404930E-01  3.8939999E+23
    953.5500000  296.8200                                             941.67500296.17
  2.2599619E-02  3.6295751E-04  3.2545856E-08  3.2002228E-07  1.4734151E-07  1.7001209E-06  2.1376390E-01  3.9190000E+23
    929.7800000  295.5100                                             917.90000294.84
  2.1188729E-02  3.6238108E-04  3.3248167E-08  3.2005738E-07  1.4623787E-07  1.7003082E-06  2.1348190E-01  3.9440000E+23
    906.0600000  294.1700                                             894.12500293.49
  1.9868979E-02  3.6196201E-04  3.3960141E-08  3.2010632E-07  1.4514420E-07  1.7005700E-06  2.1322420E-01  3.9389999E+23
    882.2300000  292.8000                                             870.35000292.12
  1.8766796E-02  3.6157132E-04  3.4732519E-08  3.2010948E-07  1.4396556E-07  1.7005830E-06  2.1288970E-01  3.9209999E+23
    858.4500000  291.4300                                             846.57500290.74
  1.7742543E-02  3.6107490E-04  3.5528970E-08  3.2010968E-07  1.4273397E-07  1.7005837E-06  2.1265520E-01  3.9450002E+23
    834.6800000  290.0600                                             822.80000289.39
  1.6748564E-02  3.6090915E-04  3.6388368E-08  3.2012048E-07  1.4151753E-07  1.7006412E-06  2.1257950E-01  3.9690000E+23
    810.9500000  288.7400                                             799.02500288.10
  1.5745709E-02  3.6049646E-04  3.7298204E-08  3.2013557E-07  1.4028777E-07  1.7007235E-06  2.1225490E-01  3.9729999E+23
    787.1300000  287.4800                                             775.25000286.88
  1.3926064E-02  3.5971825E-04  3.8415344E-08  3.2007662E-07  1.3897261E-07  1.7004111E-06  2.1190530E-01  3.9330000E+23
    763.3600000  286.2800                                             751.47500285.68
  1.1972188E-02  3.5910588E-04  3.9694843E-08  3.2005468E-07  1.3765450E-07  1.7002943E-06  2.1152000E-01  3.9569999E+23
    739.5800000  285.0500                                             727.70000284.40
  1.0248008E-02  3.5857133E-04  4.1067310E-08  3.2011584E-07  1.3635930E-07  1.7006147E-06  2.1118070E-01  3.9800000E+23
    715.8800000  283.6800                                             703.92500282.93
  8.7575903E-03  3.5788422E-04  4.2531170E-08  3.2022038E-07  1.3508038E-07  1.7011686E-06  2.1086040E-01  3.9540001E+23
    692.0200000  282.0900                                             680.15000281.23
  7.5812070E-03  3.5766099E-04  4.4084729E-08  3.2016118E-07  1.3396095E-07  1.7008546E-06  2.1057790E-01  3.9270002E+23
    668.2500000  280.3000                                             656.37500279.35
  6.5572890E-03  3.5727158E-04  4.5755485E-08  3.2012059E-07  1.3288680E-07  1.7006437E-06  2.1033570E-01  3.9589999E+23
    644.4800000  278.3600                                             632.60000277.35
  5.6430190E-03  3.5681762E-04  4.7549307E-08  3.2013537E-07  1.3178993E-07  1.7007202E-06  2.1025340E-01  3.9909999E+23
    620.7000000  276.3200                                             608.82500275.28
  4.9111261E-03  3.5657219E-04  4.9491657E-08  3.2017559E-07  1.3112822E-07  1.7009312E-06  2.1001920E-01  3.9440000E+23
    596.9200000  274.2100                                             585.05000273.13
  4.3202075E-03  3.5637742E-04  5.1580418E-08  3.2020478E-07  1.3086064E-07  1.7010881E-06  2.0985570E-01  3.9780000E+23
    573.1500000  272.0200                                             561.27500270.91
  3.7816372E-03  3.5631252E-04  5.3860280E-08  3.2022589E-07  1.3057252E-07  1.7011988E-06  2.0985030E-01  4.0120000E+23
    549.4000000  269.7600                                             537.50000268.61
  3.2615326E-03  3.5613059E-04  5.6457289E-08  3.2023900E-07  1.3018688E-07  1.7012699E-06  2.0964140E-01  3.9530000E+23
    525.5900000  267.4200                                             513.72500266.22
  2.7517511E-03  3.5578199E-04  5.9462444E-08  3.2025147E-07  1.2967384E-07  1.7013375E-06  2.0965720E-01  3.9790002E+23
    501.8400000  264.9900                                             489.95000263.75
  2.3061140E-03  3.5566537E-04  6.2763320E-08  3.2026296E-07  1.2913617E-07  1.7013938E-06  2.0953930E-01  4.0120000E+23
    478.0400000  262.4700                                             466.17500261.18
  1.9270921E-03  3.5562745E-04  6.7019805E-08  3.2024241E-07  1.2798955E-07  1.7010692E-06  2.0944930E-01  3.9839999E+23
    454.2700000  259.8400                                             442.40000258.50
  1.6040260E-03  3.5540300E-04  7.2239089E-08  3.2019307E-07  1.2634587E-07  1.7004116E-06  2.0931470E-01  4.0249999E+23
    430.5700000  257.1100                                             418.62500255.70
  1.3165665E-03  3.5535468E-04  7.7969119E-08  3.2015899E-07  1.2449169E-07  1.6997454E-06  2.0931040E-01  4.0100001E+23
    406.7100000  254.2400                                             394.85000252.77
  1.0438104E-03  3.5529776E-04  8.3658627E-08  3.2024360E-07  1.2194513E-07  1.6993869E-06  2.0919590E-01  4.0089999E+23
    383.0300000  251.2400                                             371.07500249.69
  8.1393466E-04  3.5507476E-04  8.9960160E-08  3.2031670E-07  1.1918035E-07  1.6988964E-06  2.0914560E-01  4.0140000E+23
    359.1600000  248.0800                                             347.30000246.45
  6.1638100E-04  3.5507383E-04  9.8245089E-08  3.2013133E-07  1.1518821E-07  1.6971991E-06  2.0912570E-01  3.9540001E+23
    335.4000000  244.7600                                             323.52500243.03
  4.5555193E-04  3.5495500E-04  1.0818617E-07  3.1980628E-07  1.1068219E-07  1.6948344E-06  2.0909930E-01  3.9999999E+23
    311.6100000  241.2300                                             299.75000239.40
  3.0987617E-04  3.5498475E-04  1.1834132E-07  3.1912538E-07  1.0559612E-07  1.6912005E-06  2.0906830E-01  4.0310002E+23
    287.9600000  237.4800                                             275.97500235.53
  1.9815797E-04  3.5499202E-04  1.3054418E-07  3.1812024E-07  1.0015030E-07  1.6866396E-06  2.0898090E-01  4.0179999E+23
    264.0500000  233.4800                                             252.20000231.38
  1.1707857E-04  3.5498809E-04  1.5545619E-07  3.1600402E-07  9.4126229E-08  1.6808054E-06  2.0906180E-01  3.9819999E+23
    240.3000000  229.1700                                             228.42500226.90
  6.5176297E-05  3.5495349E-04  1.8674837E-07  3.1334858E-07  8.7374573E-08  1.6736436E-06  2.0900420E-01  4.0249999E+23
    216.3600000  224.5000                                             202.84700222.03
  3.3735549E-05  3.5490349E-04  2.1826565E-07  3.1022168E-07  7.9262733E-08  1.6644808E-06  2.0899870E-01  4.0100001E+23
    190.7900000  219.4000                                             180.62000216.68
  1.5093309E-05  3.5488800E-04  2.6853127E-07  3.0671509E-07  6.8733591E-08  1.6523270E-06  2.0894710E-01  3.9280000E+23
    167.3400000  213.7600                                             156.84900210.74
  7.4978211E-06  3.5481280E-04  3.6781034E-07  3.0264130E-07  5.6930414E-08  1.6369938E-06  2.0893020E-01  4.0760001E+23
    144.0100000  207.4400                                             133.05000204.01
  5.5368423E-06  3.5495224E-04  4.6700987E-07  2.9773685E-07  4.5363993E-08  1.6181289E-06  2.0905040E-01  3.8310000E+23
    121.3600000  200.2400                                             109.55000196.35
  5.2253235E-06  3.5492005E-04  5.4805605E-07  2.9127901E-07  3.4968934E-08  1.5947538E-06  2.0901290E-01  3.9339998E+23
     97.6940000  195.7500                                             85.77500 197.59
  5.2257224E-06  3.5489991E-04  6.8966364E-07  2.8050550E-07  2.6202688E-08  1.5605308E-06  2.0891270E-01  4.0840000E+23
     73.8710000  201.2400                                             62.00000 205.31
  5.2256360E-06  3.5480765E-04  1.2091419E-06  2.6091806E-07  1.8021105E-08  1.5035945E-06  2.0890730E-01  4.0159999E+23
     53.1150000  209.2000                                             44.20020 213.34
  5.2254122E-06  3.5493859E-04  2.1517330E-06  2.2952689E-07  1.3054352E-08  1.3940281E-06  2.0899020E-01  3.0050000E+23
     37.8360000  215.8200                                             31.51050 218.37
  5.2255182E-06  3.5487988E-04  3.1683603E-06  2.0096896E-07  1.2788414E-08  1.2298037E-06  2.0902070E-01  2.1530000E+23
     26.9790000  220.6700                                             22.46400 223.23
  5.2229661E-06  3.5487270E-04  4.5179690E-06  1.7973285E-07  1.4813613E-08  1.0790392E-06  2.0897030E-01  1.5319999E+23
     19.2370000  225.5900                                             16.01470 228.21
  5.2233804E-06  3.5486260E-04  5.7085017E-06  1.6243870E-07  1.6791542E-08  1.0020434E-06  2.0896420E-01  1.0920000E+23
     13.7160000  230.6200                                             11.41700 233.29
  5.2246901E-06  3.5488079E-04  6.6832158E-06  1.4666196E-07  1.9096062E-08  9.3612545E-07  2.0902820E-01  7.7840000E+22
      9.7800000  235.7600                                              8.13920 238.50
  5.2249579E-06  3.5487060E-04  7.6760671E-06  1.2548047E-07  2.1639439E-08  8.6094576E-07  2.0899830E-01  5.5609998E+22
      6.9729000  241.0200                                              5.80250 243.82
  5.2252826E-06  3.5479333E-04  8.5580696E-06  1.0219419E-07  2.3954939E-08  7.8065574E-07  2.0897150E-01  3.9689998E+22
      4.9712000  246.4000                                              4.13660 249.27
  5.2251248E-06  3.5485098E-04  8.7847930E-06  7.7598834E-08  2.6289054E-08  6.9840922E-07  2.0903290E-01  2.8340000E+22
      3.5440000  251.9100                                              2.94900 254.85
  5.2251012E-06  3.5486982E-04  8.0347145E-06  5.3942685E-08  2.9405454E-08  6.0555612E-07  2.0904310E-01  2.0259999E+22
      2.5270000  257.5400                                              2.10240 260.54
  5.2243386E-06  3.5487828E-04  6.5434278E-06  3.4061728E-08  3.3399377E-08  5.0191636E-07  2.0895160E-01  1.4440000E+22
      1.8005000  263.1000                                              1.49880 265.58
  5.2255859E-06  3.5487651E-04  4.9900382E-06  1.9738295E-08  3.8095209E-08  3.9767212E-07  2.0903900E-01  1.0170001E+22
      1.2832000  266.9900                                              1.06850 268.45
  5.2250793E-06  3.5491306E-04  3.7916313E-06  1.1133366E-08  4.3330637E-08  3.0221204E-07  2.0898160E-01  7.3360001E+21
      0.9158600  269.4800                                              0.76170 270.00
  5.2252321E-06  3.5484225E-04  2.9445314E-06  5.7308074E-09  4.9495455E-08  2.2561743E-07  2.0903930E-01  5.2760002E+21
      0.6521500  267.4600                                              0.54300 263.90
  5.2244004E-06  3.5478504E-04  2.3137236E-06  3.8993582E-09  5.4714608E-08  1.8932552E-07  2.0899720E-01  3.7350001E+21
      0.4654400  260.3900                                              0.38710 256.54
  5.2235218E-06  3.5485558E-04  1.8362368E-06  3.0598148E-09  5.9634068E-08  1.6766728E-07  2.0900020E-01  2.6669999E+21
      0.3313800  253.1300                                              0.27600 249.38
  5.2252967E-06  3.5487264E-04  1.5307094E-06  2.4932132E-09  6.4638272E-08  1.5749779E-07  2.0901190E-01  1.9079999E+21
      0.2367100  246.0600                                              0.19680 242.42
  5.2244950E-06  3.5485925E-04  1.2794086E-06  2.0634852E-09  7.0545234E-08  1.5090848E-07  2.0899150E-01  1.3540001E+21
      0.1683500  239.1800                                              0.14030 235.64
  5.2272958E-06  3.5490372E-04  1.0121538E-06  1.7559211E-09  8.0601083E-08  1.5016953E-07  2.0909180E-01  9.7320001E+20
      0.1204100  232.4900                                              0.10000 229.05
  5.2260898E-06  3.5485657E-04  7.8883733E-07  1.5095625E-09  9.5264816E-08  1.5013414E-07  2.0908940E-01  6.9039999E+20
      0.0500640  221.6500                                              0.00030 229.05
  5.2249634E-06  3.5486207E-04  3.9831082E-07  1.0557022E-09  7.3221094E-07  1.4974047E-07  2.0802580E-01  1.7090000E+21
%