 Wavenumbers:   10.0 - 3250.0 cm-1, ATM      1
 LEVEL    PRESSURE   UPWARD FLUX   DOWNWARD FLUX    NET FLUX       HEATING RATE
             mb          W/m2          W/m2           W/m2          degree/day
  60         .000300   286.8616        0.0000       286.8615553            0.00000
  59        0.1000     286.9009        0.1134       286.7874323           -6.27020
  58        0.1403     286.9218        0.1515       286.7703440           -3.57618
  57        0.1968     286.9481        0.2072       286.7409143           -4.39299
  56        0.2760     286.9792        0.2873       286.6919031           -5.21908
  55        0.3871     287.0129        0.4053       286.6075403           -6.40414
  54        0.5430     287.0391        0.5817       286.4574123           -8.12156
  53        0.7617     287.0259        0.8452       286.1806558          -10.67267
  52        1.069      286.9423        1.1738       285.7685681          -11.32813
  51        1.499      286.8135        1.5613       285.2521938          -10.12086
  50        2.102      286.6258        2.0066       284.6192074           -8.84441
  49        2.949      286.3910        2.4964       283.8946199           -7.21833
  48        4.137      286.1137        3.0379       283.0758117           -5.81482
  47        5.803      285.7984        3.6795       282.1189581           -4.84418
  46        8.139      285.4551        4.4632       280.9918559           -4.06803
  45       11.42       285.0961        5.3743       279.7218072           -3.26785
  44       16.01       284.7442        6.3936       278.3505187           -2.51543
  43       22.46       284.4372        7.5393       276.8978817           -1.89963
  42       31.51       284.2176        8.8087       275.4089055           -1.38813
  41       44.20       284.0620       10.1403       273.9217399           -0.98840
  40       62.00       284.0719       11.1086       272.9632307           -0.45416
  39       85.78       284.7591       11.5724       273.1866610            0.07926
  38      109.5        286.6756       12.0802       274.5954478            0.49975
  37      133.1        289.3908       13.8593       275.5314394            0.33591
  36      156.8        292.0336       16.3365       275.6970504            0.05869
  35      180.6        294.7451       19.5495       275.1955380           -0.17793
  34      202.8        297.3809       23.7557       273.6251706           -0.59586
  33      228.4        300.2075       29.7836       270.4239139           -1.05555
  32      252.2        303.2635       37.4124       265.8510914           -1.62214
  31      276.0        306.5180       46.2100       260.3080101           -1.96632
  30      299.8        310.0702       56.0866       253.9835905           -2.24349
  29      323.5        313.9146       66.5629       247.3516806           -2.35257
  28      347.3        318.0032       77.3561       240.6470095           -2.37838
  27      371.1        322.2478       88.0822       234.1656421           -2.29916
  26      394.9        326.7114       99.0559       227.6555412           -2.30936
  25      418.6        331.3408      110.1070       221.2337376           -2.27804
  24      442.4        336.1348      121.3027       214.8321211           -2.27087
  23      466.2        341.0659      132.5023       208.5635507           -2.22368
  22      489.9        346.0649      143.6832       202.3816933           -2.19292
  21      513.7        351.2039      155.1052       196.0987153           -2.22879
  20      537.5        356.4430      166.6480       189.7949615           -2.23616
  19      561.3        361.7601      178.2800       183.4800558           -2.24011
  18      585.0        367.1977      190.0181       177.1795949           -2.23499
  17      608.8        372.6555      201.5615       171.0939826           -2.15878
  16      632.6        378.0763      212.8963       165.1799646           -2.09791
  15      656.4        383.4972      224.2948       159.2023383           -2.12047
  14      680.1        388.7731      235.5648       153.2082867           -2.12630
  13      703.9        393.7451      246.5419       147.2031882           -2.13022
  12      727.7        398.3503      257.2371       141.1132778           -2.16030
  11      751.5        402.7374      267.7705       134.9668878           -2.18034
  10      775.2        407.2098      278.3222       128.8875620           -2.15655
   9      799.0        412.0456      289.3574       122.6881800           -2.19913
   8      822.8        417.3744      301.1198       116.2546332           -2.28220
   7      846.6        422.9510      312.9783       109.9726897           -2.22842
   6      870.4        428.6229      324.9725       103.6503128           -2.24277
   5      894.1        434.2756      337.0592        97.2163414           -2.28235
   4      917.9        439.8379      349.3212        90.5166866           -2.37660
   3      941.7        445.2879      361.7830        83.5049119           -2.48732
   2      965.5        450.5207      374.3257        76.1950611           -2.59306
   1      989.2        455.4110      386.9153        68.4957373           -2.73064
   0     1013.0        459.2934      399.4767        59.8167223           -3.07939

  Modules and versions used in this calculation:

                rrtm.f:  $Revision: 3.6 $                     rrtatm.f:  NOT USED          
                 rtr.f:  $Revision: 3.3 $                     rtrcld.f:  NOT USED          
               rtreg.f:  NOT USED                           rtregcld.f:  NOT USED          
            rtrcldmr.f:  NOT USED                         rtregcldmr.f:  NOT USED          
             setcoef.f:  $Revision: 3.4 $                    cldprop.f:  NOT USED          
            util_xxx.f:  NOT USED                             taumol.f:  $Revision: 3.6 $  
              rtrdis.f:  NOT USED                             disort.f:  NOT USED          
               extra.f:  NOT USED                            ErrPack.f:  NOT USED          
              LINPAK.f:  NOT USED                           RDI1MACH.f:  NOT USED          
              k_gB01.f:  $Revision: 3.2 $                     k_gB02.f:  $Revision: 3.2 $  
              k_gB03.f:  $Revision: 3.2 $                     k_gB04.f:  $Revision: 3.2 $  
              k_gB05.f:  $Revision: 3.3 $                     k_gB06.f:  $Revision: 3.2 $  
              k_gB07.f:  $Revision: 3.2 $                     k_gB08.f:  $Revision: 3.2 $  
              k_gB09.f:  $Revision: 3.2 $                     k_gB10.f:  $Revision: 3.2 $  
              k_gB11.f:  $Revision: 3.2 $                     k_gB12.f:  $Revision: 3.4 $  
              k_gB13.f:  $Revision: 3.2 $                     k_gB14.f:  $Revision: 3.2 $  
              k_gB15.f:  $Revision: 3.3 $                     k_gB16.f:  $Revision: 3.3 $  

