0.143239597991
0.42972237506
0.716215896195
1.00272732679
1.28926383629
1.57583259975
1.86244079953
2.14909562686
2.43580428351
2.72257398338
3.00941195419
3.29632543913
3.58332169847
3.87040801131
4.1575916772
4.44488001788
4.73228037896
5.01980013168
5.30744667463
5.59522743553
5.88314987298
6.17122147831
6.45944977736
6.74784233231
7.03640674362
7.32515065184
7.61408173959
7.90320773348
8.19253640609
8.48207557797
8.77183311969
9.06181695394
9.35203505756
9.6424954638
9.93320626438
10.2241756118
10.5154117217
10.8069228749
11.0987174199
11.3908037755
11.6831904328
11.9758859583
12.268898996
12.5622382699
12.8559125873
13.1499308411
13.4443020125
13.7390351744
14.0341394937
14.3296242347
14.6254987624
14.921772545
15.2184551578
15.5155562862
15.8130857292
16.1110534031
16.4094693448
16.7083437157
17.0076868055
17.3075090364
17.6078209665
17.9086332946
18.2099568643
18.5118026681
18.8141818525
19.1171057223
19.4205857456
19.7246335587
20.0292609714
20.3344799722
20.6403027337
20.9467416187
21.2538091854
21.561518194
21.8698816128
22.1789126246
22.4886246335
22.7990312719
23.1101464075
23.4219841508
23.734558863
24.0478851639
24.36197794
24.6768523534
24.9925238505
25.3090081715
25.6263213599
25.9444797724
26.2635000894
26.5833993259
26.9041948427
27.2259043579
27.5485459595
27.8721381175
28.1966996977
28.5222499751
28.8488086484
29.176395855
29.5050321866
29.8347387055
30.1655369616
30.4974490105
30.8304974318
31.1647053487
31.5000964484
31.8366950036
32.1745258947
32.5136146332
32.8539873865
33.1956710035
33.5386930418
33.883081796
34.2288663278
34.5760764972
34.9247429957
35.2748973812
35.6265721143
35.9798005975
36.3346172154
36.691057378
37.0491575664
37.4089553802
37.7704895886
38.1338001844
38.4989284403
38.8659169699
39.2348097909
39.6056523939
39.9784918136
40.3533767064
40.7303574313
41.1094861372
41.4908168557
41.8744055994
42.2603104684
42.6485917624
43.039312102
43.4325365578
43.8283327897
44.2267711955
44.6279250713
45.0318707839
45.4386879564
45.8484596686
46.2612726735
46.6772176313
47.0963893628
47.5188871246
47.9448149078
48.3742817629
48.8074021542
49.2442963458
49.6850908253
50.1299187659
50.5789205352
51.0322442538
51.4900464114
51.9524925464
52.4197579986
52.8920287441
53.3695023238
53.8523888781
54.3409123039
54.8353115518
55.3358420845
55.8427775215
56.3564115008
56.8770597923
57.4050627077
57.9407878575
58.4846333185
59.0370312907
59.5984523368
60.169410324
60.7504682145
61.3422448897
61.9454232442
62.5607598493
63.1890965757
63.8313746831
64.4886520485
65.1621244326
65.8531520035
66.5632928009
67.2943454949
68.048404805
68.8279344845
69.6358651937
70.4757284897
71.3518446944
72.2695937392
73.2358187184
74.2594514748
75.3525306916
76.53196329
77.822824326
79.2652473336
80.931278454
82.9783355768
85.9477320556