2.500E-01 2.821E-03 1.625E-03 1.196E-03 5.760E-01 0.903E+00 9.037E-01  1.530E+00 -3.000E-02
3.000E-01 2.869E-03 1.749E-03 1.120E-03 6.095E-01 0.875E+00 9.193E-01  1.530E+00 -2.500E-02
3.500E-01 2.920E-03 1.977E-03 9.430E-04 6.770E-01 0.834E+00 9.354E-01  1.530E+00 -1.700E-02
4.000E-01 2.969E-03 2.178E-03 7.908E-04 7.336E-01 0.803E+00 9.513E-01  1.530E+00 -1.300E-02
4.500E-01 3.022E-03 2.439E-03 5.831E-04 8.070E-01 0.769E+00 9.682E-01  1.530E+00 -8.500E-03
5.000E-01 3.070E-03 2.552E-03 5.185E-04 8.311E-01 0.755E+00 9.837E-01  1.530E+00 -7.800E-03
5.500E-01 3.121E-03 2.741E-03 3.797E-04 8.783E-01 0.734E+00 1.000E+00  1.530E+00 -5.500E-03
6.000E-01 3.167E-03 2.861E-03 3.056E-04 9.035E-01 0.722E+00 1.015E+00  1.530E+00 -4.500E-03
6.500E-01 3.217E-03 2.925E-03 2.922E-04 9.092E-01 0.715E+00 1.031E+00  1.530E+00 -4.500E-03
7.000E-01 3.260E-03 3.008E-03 2.518E-04 9.228E-01 0.708E+00 1.045E+00  1.530E+00 -4.000E-03
7.500E-01 3.296E-03 3.059E-03 2.371E-04 9.281E-01 0.704E+00 1.056E+00  1.530E+00 -4.000E-03
8.000E-01 3.335E-03 3.109E-03 2.259E-04 9.323E-01 0.700E+00 1.069E+00  1.530E+00 -4.000E-03
9.000E-01 3.396E-03 3.189E-03 2.071E-04 9.390E-01 0.695E+00 1.088E+00  1.530E+00 -4.000E-03
1.000E+00 3.442E-03 3.252E-03 1.901E-04 9.448E-01 0.691E+00 1.103E+00  1.530E+00 -4.000E-03
1.250E+00 3.486E-03 3.294E-03 1.924E-04 9.448E-01 0.689E+00 1.117E+00  1.530E+00 -5.000E-03
1.500E+00 3.447E-03 3.263E-03 1.842E-04 9.466E-01 0.688E+00 1.105E+00  1.530E+00 -5.700E-03
1.750E+00 3.351E-03 3.174E-03 1.774E-04 9.471E-01 0.686E+00 1.074E+00  1.530E+00 -6.400E-03
2.000E+00 3.215E-03 3.033E-03 1.821E-04 9.434E-01 0.686E+00 1.030E+00  1.530E+00 -7.600E-03
2.500E+00 2.845E-03 2.597E-03 2.478E-04 9.129E-01 0.693E+00 9.115E-01  1.520E+00 -1.400E-02
3.000E+00 2.489E-03 2.012E-03 4.764E-04 8.086E-01 0.703E+00 7.974E-01  1.520E+00 -3.900E-02
3.200E+00 2.330E-03 2.028E-03 3.024E-04 8.703E-01 0.692E+00 7.466E-01  1.510E+00 -2.400E-02
3.390E+00 2.213E-03 1.976E-03 2.361E-04 8.933E-01 0.684E+00 7.089E-01  1.510E+00 -1.925E-02
3.500E+00 2.146E-03 1.931E-03 2.151E-04 8.998E-01 0.681E+00 6.875E-01  1.510E+00 -1.800E-02
3.750E+00 1.959E-03 1.822E-03 1.370E-04 9.301E-01 0.676E+00 6.277E-01  1.500E+00 -1.200E-02
4.000E+00 1.819E-03 1.745E-03 7.353E-05 9.596E-01 0.666E+00 5.827E-01  1.500E+00 -6.700E-03
4.500E+00 1.574E-03 1.492E-03 8.157E-05 9.482E-01 0.657E+00 5.043E-01  1.500E+00 -8.700E-03
5.000E+00 1.311E-03 1.172E-03 1.387E-04 8.942E-01 0.659E+00 4.199E-01  1.480E+00 -1.800E-02
5.500E+00 1.114E-03 8.876E-04 2.264E-04 7.967E-01 0.659E+00 3.569E-01  1.460E+00 -3.600E-02
6.000E+00 9.665E-04 6.759E-04 2.906E-04 6.993E-01 0.653E+00 3.097E-01  1.440E+00 -5.500E-02
6.200E+00 9.146E-04 6.026E-04 3.121E-04 6.588E-01 0.651E+00 2.930E-01  1.430E+00 -6.300E-02
6.500E+00 8.048E-04 5.544E-04 2.504E-04 6.889E-01 0.645E+00 2.579E-01  1.420E+00 -5.200E-02
7.200E+00 9.282E-04 4.458E-04 4.823E-04 4.803E-01 0.609E+00 2.974E-01  1.460E+00 -1.300E-01
7.900E+00 4.133E-04 1.177E-04 2.955E-04 2.849E-01 0.627E+00 1.324E-01  1.220E+00 -8.900E-02
8.200E+00 4.079E-04 5.081E-05 3.571E-04 1.246E-01 0.607E+00 1.307E-01  1.120E+00 -1.200E-01
8.500E+00 6.071E-04 6.145E-05 5.456E-04 1.012E-01 0.560E+00 1.945E-01  1.060E+00 -2.100E-01
8.700E+00 8.408E-04 1.273E-04 7.135E-04 1.514E-01 0.537E+00 2.694E-01  1.190E+00 -2.900E-01
9.000E+00 1.505E-03 5.579E-04 9.469E-04 3.707E-01 0.471E+00 4.821E-01  1.850E+00 -4.400E-01
9.200E+00 1.781E-03 7.441E-04 1.037E-03 4.179E-01 0.424E+00 5.705E-01  2.220E+00 -5.400E-01
9.500E+00 2.057E-03 9.420E-04 1.115E-03 4.578E-01 0.341E+00 6.592E-01  2.940E+00 -6.500E-01
9.800E+00 1.983E-03 9.013E-04 1.082E-03 4.545E-01 0.340E+00 6.353E-01  2.910E+00 -6.500E-01
1.000E+01 1.773E-03 8.235E-04 9.495E-04 4.645E-01 0.385E+00 5.681E-01  2.570E+00 -5.000E-01
1.060E+01 1.086E-03 5.178E-04 5.682E-04 4.768E-01 0.466E+00 3.479E-01  1.910E+00 -2.500E-01
1.100E+01 9.114E-04 4.521E-04 4.593E-04 4.961E-01 0.473E+00 2.920E-01  1.830E+00 -2.000E-01
1.150E+01 1.012E-03 3.617E-04 6.498E-04 3.576E-01 0.443E+00 3.241E-01  1.810E+00 -3.500E-01
1.250E+01 1.051E-03 2.783E-04 7.732E-04 2.647E-01 0.400E+00 3.369E-01  1.740E+00 -5.000E-01
1.300E+01 9.381E-04 3.736E-04 5.644E-04 3.983E-01 0.412E+00 3.006E-01  2.000E+00 -3.500E-01
1.400E+01 5.502E-04 1.805E-04 3.697E-04 3.281E-01 0.434E+00 1.763E-01  1.630E+00 -2.200E-01
1.480E+01 5.032E-04 1.251E-04 3.781E-04 2.486E-01 0.418E+00 1.612E-01  1.540E+00 -2.400E-01
1.500E+01 5.129E-04 1.117E-04 4.012E-04 2.179E-01 0.410E+00 1.643E-01  1.510E+00 -2.600E-01
1.640E+01 5.260E-04 8.412E-05 4.419E-04 1.599E-01 0.374E+00 1.685E-01  1.470E+00 -3.200E-01
1.720E+01 5.584E-04 8.286E-05 4.756E-04 1.484E-01 0.353E+00 1.789E-01  1.490E+00 -3.700E-01
1.800E+01 6.421E-04 1.347E-04 5.074E-04 2.098E-01 0.333E+00 2.057E-01  1.770E+00 -4.700E-01
1.850E+01 7.054E-04 1.831E-04 5.223E-04 2.596E-01 0.315E+00 2.260E-01  2.050E+00 -5.700E-01
2.000E+01 7.686E-04 1.835E-04 5.851E-04 2.387E-01 0.265E+00 2.463E-01  2.200E+00 -8.200E-01
2.130E+01 7.366E-04 1.831E-04 5.535E-04 2.485E-01 0.240E+00 2.360E-01  2.390E+00 -9.400E-01
2.250E+01 6.741E-04 1.859E-04 4.882E-04 2.757E-01 0.222E+00 2.160E-01  2.690E+00 -1.000E+00
2.500E+01 5.094E-04 1.607E-04 3.487E-04 3.154E-01 0.228E+00 1.632E-01  2.990E+00 -8.000E-01
2.790E+01 4.247E-04 1.005E-04 3.242E-04 2.366E-01 0.230E+00 1.361E-01  2.570E+00 -7.800E-01
3.000E+01 3.528E-04 7.455E-05 2.783E-04 2.113E-01 0.235E+00 1.130E-01  2.420E+00 -6.700E-01
3.500E+01 2.596E-04 4.752E-05 2.121E-04 1.830E-01 0.223E+00 8.319E-02  2.420E+00 -6.200E-01
4.000E+01 2.356E-04 3.025E-05 2.053E-04 1.284E-01 0.193E+00 7.548E-02  2.340E+00 -7.000E-01
