2.500E-01 7.597E-02 4.142E-02 3.455E-02 5.452E-01 0.946E+00 9.742E-01  1.530E+00 -3.000E-02
3.000E-01 7.634E-02 4.169E-02 3.466E-02 5.461E-01 0.949E+00 9.790E-01  1.530E+00 -2.500E-02
3.500E-01 7.670E-02 4.246E-02 3.424E-02 5.536E-01 0.946E+00 9.836E-01  1.530E+00 -1.700E-02
4.000E-01 7.703E-02 4.367E-02 3.336E-02 5.670E-01 0.940E+00 9.878E-01  1.530E+00 -1.300E-02
4.500E-01 7.737E-02 4.652E-02 3.085E-02 6.013E-01 0.924E+00 9.922E-01  1.530E+00 -8.500E-03
5.000E-01 7.766E-02 4.798E-02 2.968E-02 6.178E-01 0.915E+00 9.959E-01  1.530E+00 -7.800E-03
5.500E-01 7.798E-02 5.193E-02 2.605E-02 6.659E-01 0.895E+00 1.000E+00  1.530E+00 -5.500E-03
6.000E-01 7.825E-02 5.492E-02 2.333E-02 7.018E-01 0.879E+00 1.004E+00  1.530E+00 -4.500E-03
6.500E-01 7.862E-02 5.594E-02 2.269E-02 7.115E-01 0.874E+00 1.008E+00  1.530E+00 -4.500E-03
7.000E-01 7.892E-02 5.812E-02 2.080E-02 7.364E-01 0.863E+00 1.012E+00  1.530E+00 -4.000E-03
7.500E-01 7.910E-02 5.897E-02 2.013E-02 7.455E-01 0.858E+00 1.014E+00  1.530E+00 -4.000E-03
8.000E-01 7.938E-02 5.981E-02 1.956E-02 7.535E-01 0.854E+00 1.018E+00  1.530E+00 -4.000E-03
9.000E-01 7.997E-02 6.143E-02 1.854E-02 7.681E-01 0.845E+00 1.026E+00  1.530E+00 -4.000E-03
1.000E+00 8.044E-02 6.286E-02 1.758E-02 7.815E-01 0.836E+00 1.032E+00  1.530E+00 -4.000E-03
1.250E+00 8.172E-02 6.376E-02 1.796E-02 7.802E-01 0.826E+00 1.048E+00  1.530E+00 -5.000E-03
1.500E+00 8.305E-02 6.522E-02 1.783E-02 7.853E-01 0.813E+00 1.065E+00  1.530E+00 -5.700E-03
1.750E+00 8.434E-02 6.657E-02 1.777E-02 7.893E-01 0.802E+00 1.082E+00  1.530E+00 -6.400E-03
2.000E+00 8.550E-02 6.708E-02 1.842E-02 7.846E-01 0.795E+00 1.096E+00  1.530E+00 -7.600E-03
2.500E+00 8.797E-02 6.439E-02 2.359E-02 7.319E-01 0.801E+00 1.128E+00  1.520E+00 -1.400E-02
3.000E+00 8.978E-02 5.560E-02 3.419E-02 6.192E-01 0.841E+00 1.151E+00  1.520E+00 -3.900E-02
3.200E+00 9.099E-02 6.295E-02 2.804E-02 6.919E-01 0.806E+00 1.167E+00  1.510E+00 -2.400E-02
3.390E+00 9.186E-02 6.714E-02 2.472E-02 7.309E-01 0.789E+00 1.178E+00  1.510E+00 -1.925E-02
3.500E+00 9.231E-02 6.875E-02 2.356E-02 7.448E-01 0.782E+00 1.184E+00  1.510E+00 -1.800E-02
3.750E+00 9.346E-02 7.557E-02 1.790E-02 8.085E-01 0.761E+00 1.199E+00  1.500E+00 -1.200E-02
4.000E+00 9.453E-02 8.311E-02 1.142E-02 8.792E-01 0.738E+00 1.212E+00  1.500E+00 -6.700E-03
4.500E+00 9.594E-02 8.301E-02 1.292E-02 8.653E-01 0.738E+00 1.230E+00  1.500E+00 -8.700E-03
5.000E+00 9.645E-02 7.668E-02 1.977E-02 7.950E-01 0.766E+00 1.237E+00  1.480E+00 -1.800E-02
5.500E+00 9.571E-02 6.813E-02 2.758E-02 7.118E-01 0.802E+00 1.227E+00  1.460E+00 -3.600E-02
6.000E+00 9.405E-02 6.209E-02 3.197E-02 6.601E-01 0.826E+00 1.206E+00  1.440E+00 -5.500E-02
6.200E+00 9.307E-02 5.987E-02 3.320E-02 6.433E-01 0.835E+00 1.193E+00  1.430E+00 -6.300E-02
6.500E+00 9.297E-02 6.293E-02 3.004E-02 6.769E-01 0.827E+00 1.192E+00  1.420E+00 -5.200E-02
7.200E+00 9.028E-02 5.006E-02 4.022E-02 5.545E-01 0.846E+00 1.158E+00  1.460E+00 -1.300E-01
7.900E+00 6.624E-02 3.569E-02 3.054E-02 5.389E-01 0.905E+00 8.494E-01  1.220E+00 -8.900E-02
8.200E+00 5.119E-02 2.001E-02 3.118E-02 3.910E-01 0.923E+00 6.565E-01  1.120E+00 -1.200E-01
8.500E+00 5.475E-02 1.915E-02 3.560E-02 3.498E-01 0.906E+00 7.021E-01  1.060E+00 -2.100E-01
8.700E+00 6.883E-02 2.754E-02 4.130E-02 4.001E-01 0.880E+00 8.827E-01  1.190E+00 -2.900E-01
9.000E+00 9.506E-02 4.630E-02 4.876E-02 4.871E-01 0.777E+00 1.219E+00  1.850E+00 -4.400E-01
9.200E+00 9.765E-02 4.909E-02 4.856E-02 5.027E-01 0.731E+00 1.252E+00  2.220E+00 -5.400E-01
9.500E+00 9.772E-02 5.226E-02 4.546E-02 5.348E-01 0.667E+00 1.253E+00  2.940E+00 -6.500E-01
9.800E+00 9.807E-02 5.217E-02 4.590E-02 5.319E-01 0.664E+00 1.258E+00  2.910E+00 -6.500E-01
1.000E+01 9.894E-02 5.106E-02 4.788E-02 5.161E-01 0.687E+00 1.269E+00  2.570E+00 -5.000E-01
1.060E+01 9.809E-02 5.125E-02 4.684E-02 5.225E-01 0.733E+00 1.258E+00  1.910E+00 -2.500E-01
1.100E+01 9.746E-02 5.288E-02 4.459E-02 5.425E-01 0.731E+00 1.250E+00  1.830E+00 -2.000E-01
1.150E+01 9.445E-02 4.632E-02 4.813E-02 4.905E-01 0.750E+00 1.211E+00  1.810E+00 -3.500E-01
1.250E+01 9.143E-02 4.208E-02 4.936E-02 4.602E-01 0.746E+00 1.172E+00  1.740E+00 -5.000E-01
1.300E+01 9.738E-02 4.887E-02 4.851E-02 5.019E-01 0.702E+00 1.249E+00  2.000E+00 -3.500E-01
1.400E+01 8.629E-02 4.482E-02 4.146E-02 5.195E-01 0.751E+00 1.107E+00  1.630E+00 -2.200E-01
1.480E+01 7.960E-02 3.894E-02 4.066E-02 4.892E-01 0.767E+00 1.021E+00  1.540E+00 -2.400E-01
1.500E+01 7.746E-02 3.643E-02 4.103E-02 4.703E-01 0.772E+00 9.934E-01  1.510E+00 -2.600E-01
1.640E+01 7.345E-02 3.149E-02 4.196E-02 4.287E-01 0.764E+00 9.419E-01  1.470E+00 -3.200E-01
1.720E+01 7.439E-02 3.099E-02 4.340E-02 4.166E-01 0.748E+00 9.540E-01  1.490E+00 -3.700E-01
1.800E+01 8.615E-02 3.861E-02 4.754E-02 4.482E-01 0.688E+00 1.105E+00  1.770E+00 -4.700E-01
1.850E+01 9.284E-02 4.320E-02 4.964E-02 4.653E-01 0.639E+00 1.191E+00  2.050E+00 -5.700E-01
2.000E+01 9.446E-02 4.360E-02 5.085E-02 4.616E-01 0.591E+00 1.211E+00  2.200E+00 -8.200E-01
2.130E+01 9.545E-02 4.490E-02 5.055E-02 4.704E-01 0.552E+00 1.224E+00  2.390E+00 -9.400E-01
2.250E+01 9.608E-02 4.650E-02 4.957E-02 4.840E-01 0.513E+00 1.232E+00  2.690E+00 -1.000E+00
2.500E+01 9.497E-02 4.664E-02 4.833E-02 4.911E-01 0.477E+00 1.218E+00  2.990E+00 -8.000E-01
2.790E+01 8.980E-02 4.204E-02 4.776E-02 4.682E-01 0.496E+00 1.152E+00  2.570E+00 -7.800E-01
3.000E+01 8.552E-02 3.953E-02 4.598E-02 4.623E-01 0.506E+00 1.097E+00  2.420E+00 -6.700E-01
3.500E+01 7.909E-02 3.639E-02 4.270E-02 4.601E-01 0.484E+00 1.014E+00  2.420E+00 -6.200E-01
4.000E+01 7.255E-02 3.156E-02 4.099E-02 4.350E-01 0.464E+00 9.303E-01  2.340E+00 -7.000E-01