2.500E-01 1.032E-04 8.264E-05 2.061E-05 8.004E-01 0.732E+00 1.000E+00  1.530E+00 -3.000E-02
3.000E-01 1.003E-04 8.431E-05 1.596E-05 8.408E-01 0.716E+00 9.711E-01  1.530E+00 -2.500E-02
3.500E-01 9.580E-05 8.540E-05 1.040E-05 8.915E-01 0.699E+00 9.279E-01  1.530E+00 -1.700E-02
4.000E-01 9.008E-05 8.277E-05 7.308E-06 9.189E-01 0.688E+00 8.725E-01  1.530E+00 -1.300E-02
4.500E-01 8.392E-05 7.950E-05 4.426E-06 9.473E-01 0.678E+00 8.129E-01  1.530E+00 -8.500E-03
5.000E-01 7.755E-05 7.391E-05 3.642E-06 9.530E-01 0.672E+00 7.512E-01  1.530E+00 -7.800E-03
5.500E-01 7.140E-05 6.905E-05 2.348E-06 9.671E-01 0.664E+00 6.916E-01  1.530E+00 -5.500E-03
6.000E-01 6.553E-05 6.379E-05 1.745E-06 9.734E-01 0.657E+00 6.347E-01  1.530E+00 -4.500E-03
6.500E-01 6.006E-05 5.848E-05 1.581E-06 9.737E-01 0.651E+00 5.817E-01  1.530E+00 -4.500E-03
7.000E-01 5.500E-05 5.372E-05 1.285E-06 9.766E-01 0.645E+00 5.327E-01  1.530E+00 -4.000E-03
7.500E-01 5.037E-05 4.920E-05 1.176E-06 9.766E-01 0.639E+00 4.879E-01  1.530E+00 -4.000E-03
8.000E-01 4.615E-05 4.507E-05 1.082E-06 9.766E-01 0.633E+00 4.470E-01  1.530E+00 -4.000E-03
9.000E-01 3.882E-05 3.790E-05 9.251E-07 9.762E-01 0.620E+00 3.760E-01  1.530E+00 -4.000E-03
1.000E+00 3.278E-05 3.198E-05 8.020E-07 9.755E-01 0.608E+00 3.175E-01  1.530E+00 -4.000E-03
1.250E+00 2.198E-05 2.125E-05 7.321E-07 9.667E-01 0.576E+00 2.129E-01  1.530E+00 -5.000E-03
1.500E+00 1.521E-05 1.457E-05 6.432E-07 9.577E-01 0.546E+00 1.474E-01  1.530E+00 -5.700E-03
1.750E+00 1.085E-05 1.027E-05 5.788E-07 9.467E-01 0.517E+00 1.051E-01  1.530E+00 -6.400E-03
2.000E+00 7.986E-06 7.419E-06 5.673E-07 9.290E-01 0.489E+00 7.735E-02  1.530E+00 -7.600E-03
2.500E+00 4.704E-06 3.945E-06 7.594E-07 8.386E-01 0.439E+00 4.556E-02  1.520E+00 -1.400E-02
3.000E+00 3.894E-06 2.264E-06 1.630E-06 5.814E-01 0.391E+00 3.771E-02  1.520E+00 -3.900E-02
3.200E+00 2.787E-06 1.854E-06 9.329E-07 6.652E-01 0.377E+00 2.699E-02  1.510E+00 -2.400E-02
3.390E+00 2.270E-06 1.574E-06 6.967E-07 6.931E-01 0.364E+00 2.199E-02  1.510E+00 -1.925E-02
3.500E+00 2.058E-06 1.432E-06 6.259E-07 6.958E-01 0.356E+00 1.993E-02  1.510E+00 -1.800E-02
3.750E+00 1.510E-06 1.125E-06 3.845E-07 7.454E-01 0.339E+00 1.462E-02  1.500E+00 -1.200E-02
4.000E+00 1.125E-06 9.261E-07 1.984E-07 8.235E-01 0.323E+00 1.089E-02  1.500E+00 -6.700E-03
4.500E+00 8.547E-07 6.318E-07 2.229E-07 7.392E-01 0.293E+00 8.278E-03  1.500E+00 -8.700E-03
5.000E+00 8.175E-07 4.080E-07 4.095E-07 4.991E-01 0.264E+00 7.918E-03  1.480E+00 -1.800E-02
5.500E+00 1.008E-06 2.690E-07 7.389E-07 2.669E-01 0.237E+00 9.762E-03  1.460E+00 -3.600E-02
6.000E+00 1.214E-06 1.823E-07 1.032E-06 1.501E-01 0.213E+00 1.176E-02  1.440E+00 -5.500E-02
6.200E+00 1.301E-06 1.558E-07 1.145E-06 1.197E-01 0.204E+00 1.260E-02  1.430E+00 -6.300E-02
6.500E+00 1.030E-06 1.268E-07 9.033E-07 1.231E-01 0.194E+00 9.977E-03  1.420E+00 -5.200E-02
7.200E+00 2.071E-06 1.071E-07 1.964E-06 5.170E-02 0.169E+00 2.006E-02  1.460E+00 -1.300E-01
7.900E+00 1.414E-06 2.031E-08 1.393E-06 1.437E-02 0.136E+00 1.369E-02  1.220E+00 -8.900E-02
8.200E+00 1.897E-06 9.082E-09 1.888E-06 4.786E-03 0.121E+00 1.838E-02  1.120E+00 -1.200E-01
8.500E+00 3.279E-06 1.300E-08 3.266E-06 3.965E-03 0.107E+00 3.176E-02  1.060E+00 -2.100E-01
8.700E+00 4.206E-06 2.934E-08 4.177E-06 6.975E-03 0.107E+00 4.074E-02  1.190E+00 -2.900E-01
9.000E+00 4.047E-06 1.535E-07 3.893E-06 3.794E-02 0.135E+00 3.919E-02  1.850E+00 -4.400E-01
9.200E+00 3.726E-06 2.269E-07 3.499E-06 6.091E-02 0.147E+00 3.609E-02  2.220E+00 -5.400E-01
9.500E+00 2.821E-06 3.279E-07 2.493E-06 1.163E-01 0.163E+00 2.732E-02  2.940E+00 -6.500E-01
9.800E+00 2.719E-06 2.886E-07 2.430E-06 1.062E-01 0.159E+00 2.633E-02  2.910E+00 -6.500E-01
1.000E+01 2.530E-06 2.186E-07 2.311E-06 8.641E-02 0.160E+00 2.450E-02  2.570E+00 -5.000E-01
1.060E+01 1.878E-06 8.391E-08 1.794E-06 4.468E-02 0.129E+00 1.819E-02  1.910E+00 -2.500E-01
1.100E+01 1.532E-06 6.270E-08 1.469E-06 4.093E-02 0.121E+00 1.484E-02  1.830E+00 -2.000E-01
1.150E+01 2.520E-06 5.534E-08 2.465E-06 2.196E-02 0.104E+00 2.441E-02  1.810E+00 -3.500E-01
1.250E+01 3.402E-06 4.209E-08 3.360E-06 1.237E-02 0.832E-01 3.296E-02  1.740E+00 -5.000E-01
1.300E+01 1.906E-06 4.574E-08 1.861E-06 2.399E-02 0.100E+00 1.847E-02  2.000E+00 -3.500E-01
1.400E+01 1.473E-06 1.664E-08 1.456E-06 1.130E-02 0.762E-01 1.426E-02  1.630E+00 -2.200E-01
1.480E+01 1.614E-06 1.096E-08 1.603E-06 6.788E-03 0.657E-01 1.563E-02  1.540E+00 -2.400E-01
1.500E+01 1.760E-06 9.884E-09 1.750E-06 5.615E-03 0.626E-01 1.705E-02  1.510E+00 -2.600E-01
1.640E+01 2.029E-06 7.039E-09 2.022E-06 3.469E-03 0.522E-01 1.966E-02  1.470E+00 -3.200E-01
1.720E+01 2.198E-06 6.769E-09 2.192E-06 3.079E-03 0.482E-01 2.129E-02  1.490E+00 -3.700E-01
1.800E+01 2.125E-06 1.053E-08 2.114E-06 4.954E-03 0.518E-01 2.058E-02  1.770E+00 -4.700E-01
1.850E+01 1.968E-06 1.402E-08 1.953E-06 7.125E-03 0.570E-01 1.906E-02  2.050E+00 -5.700E-01
2.000E+01 2.201E-06 1.366E-08 2.188E-06 6.204E-03 0.493E-01 2.132E-02  2.200E+00 -8.200E-01
2.130E+01 1.970E-06 1.246E-08 1.958E-06 6.325E-03 0.472E-01 1.908E-02  2.390E+00 -9.400E-01
2.250E+01 1.549E-06 1.139E-08 1.538E-06 7.351E-03 0.493E-01 1.501E-02  2.690E+00 -1.000E+00
2.500E+01 9.309E-07 7.687E-09 9.232E-07 8.258E-03 0.545E-01 9.016E-03  2.990E+00 -8.000E-01
2.790E+01 1.108E-06 4.193E-09 1.104E-06 3.784E-03 0.374E-01 1.073E-02  2.570E+00 -7.800E-01
3.000E+01 1.015E-06 2.775E-09 1.012E-06 2.734E-03 0.317E-01 9.830E-03  2.420E+00 -6.700E-01
3.500E+01 8.083E-07 1.454E-09 8.069E-07 1.799E-03 0.246E-01 7.829E-03  2.420E+00 -6.200E-01
4.000E+01 8.382E-07 8.452E-10 8.374E-07 1.008E-03 0.178E-01 8.119E-03  2.340E+00 -7.000E-01