2.500E-01 5.445E-03 3.034E-03 2.411E-03 5.571E-01 0.931E+00 9.303E-01  1.530E+00 -3.000E-02
3.000E-01 5.513E-03 3.187E-03 2.326E-03 5.781E-01 0.913E+00 9.420E-01  1.530E+00 -2.500E-02
3.500E-01 5.582E-03 3.514E-03 2.069E-03 6.294E-01 0.880E+00 9.537E-01  1.530E+00 -1.700E-02
4.000E-01 5.650E-03 3.840E-03 1.810E-03 6.797E-01 0.850E+00 9.652E-01  1.530E+00 -1.300E-02
4.500E-01 5.720E-03 4.320E-03 1.401E-03 7.551E-01 0.814E+00 9.773E-01  1.530E+00 -8.500E-03
5.000E-01 5.782E-03 4.518E-03 1.264E-03 7.814E-01 0.799E+00 9.879E-01  1.530E+00 -7.800E-03
5.500E-01 5.853E-03 4.899E-03 9.543E-04 8.370E-01 0.775E+00 1.000E+00  1.530E+00 -5.500E-03
6.000E-01 5.910E-03 5.135E-03 7.741E-04 8.690E-01 0.760E+00 1.010E+00  1.530E+00 -4.500E-03
6.500E-01 5.978E-03 5.238E-03 7.409E-04 8.761E-01 0.752E+00 1.021E+00  1.530E+00 -4.500E-03
7.000E-01 6.040E-03 5.396E-03 6.437E-04 8.934E-01 0.742E+00 1.032E+00  1.530E+00 -4.000E-03
7.500E-01 6.097E-03 5.487E-03 6.102E-04 8.999E-01 0.736E+00 1.042E+00  1.530E+00 -4.000E-03
8.000E-01 6.158E-03 5.572E-03 5.859E-04 9.048E-01 0.731E+00 1.052E+00  1.530E+00 -4.000E-03
9.000E-01 6.279E-03 5.732E-03 5.471E-04 9.129E-01 0.721E+00 1.073E+00  1.530E+00 -4.000E-03
1.000E+00 6.373E-03 5.872E-03 5.014E-04 9.213E-01 0.714E+00 1.089E+00  1.530E+00 -4.000E-03
1.250E+00 6.580E-03 6.064E-03 5.162E-04 9.215E-01 0.704E+00 1.124E+00  1.530E+00 -5.000E-03
1.500E+00 6.701E-03 6.198E-03 5.036E-04 9.248E-01 0.697E+00 1.145E+00  1.530E+00 -5.700E-03
1.750E+00 6.776E-03 6.281E-03 4.955E-04 9.269E-01 0.694E+00 1.158E+00  1.530E+00 -6.400E-03
2.000E+00 6.760E-03 6.245E-03 5.141E-04 9.239E-01 0.692E+00 1.155E+00  1.530E+00 -7.600E-03
2.500E+00 6.575E-03 5.866E-03 7.088E-04 8.922E-01 0.704E+00 1.123E+00  1.520E+00 -1.400E-02
3.000E+00 6.178E-03 4.853E-03 1.325E-03 7.856E-01 0.729E+00 1.056E+00  1.520E+00 -3.900E-02
3.200E+00 6.037E-03 5.161E-03 8.758E-04 8.549E-01 0.713E+00 1.031E+00  1.510E+00 -2.400E-02
3.390E+00 5.913E-03 5.217E-03 6.958E-04 8.823E-01 0.704E+00 1.010E+00  1.510E+00 -1.925E-02
3.500E+00 5.836E-03 5.198E-03 6.381E-04 8.907E-01 0.701E+00 9.970E-01  1.510E+00 -1.800E-02
3.750E+00 5.614E-03 5.200E-03 4.139E-04 9.263E-01 0.698E+00 9.592E-01  1.500E+00 -1.200E-02
4.000E+00 5.448E-03 5.223E-03 2.250E-04 9.587E-01 0.691E+00 9.307E-01  1.500E+00 -6.700E-03
4.500E+00 5.070E-03 4.819E-03 2.517E-04 9.504E-01 0.693E+00 8.662E-01  1.500E+00 -8.700E-03
5.000E+00 4.505E-03 4.079E-03 4.260E-04 9.054E-01 0.710E+00 7.696E-01  1.480E+00 -1.800E-02
5.500E+00 3.927E-03 3.242E-03 6.854E-04 8.255E-01 0.720E+00 6.710E-01  1.460E+00 -3.600E-02
6.000E+00 3.416E-03 2.548E-03 8.683E-04 7.458E-01 0.722E+00 5.837E-01  1.440E+00 -5.500E-02
6.200E+00 3.220E-03 2.293E-03 9.266E-04 7.122E-01 0.721E+00 5.501E-01  1.430E+00 -6.300E-02
6.500E+00 2.919E-03 2.166E-03 7.525E-04 7.422E-01 0.714E+00 4.987E-01  1.420E+00 -5.200E-02
7.200E+00 3.088E-03 1.697E-03 1.391E-03 5.497E-01 0.688E+00 5.276E-01  1.460E+00 -1.300E-01
7.900E+00 1.298E-03 4.607E-04 8.373E-04 3.549E-01 0.690E+00 2.218E-01  1.220E+00 -8.900E-02
8.200E+00 1.171E-03 1.951E-04 9.759E-04 1.666E-01 0.669E+00 2.001E-01  1.120E+00 -1.200E-01
8.500E+00 1.653E-03 2.327E-04 1.420E-03 1.408E-01 0.634E+00 2.824E-01  1.060E+00 -2.100E-01
8.700E+00 2.322E-03 4.787E-04 1.844E-03 2.061E-01 0.620E+00 3.968E-01  1.190E+00 -2.900E-01
9.000E+00 4.473E-03 1.903E-03 2.571E-03 4.254E-01 0.551E+00 7.643E-01  1.850E+00 -4.400E-01
9.200E+00 5.160E-03 2.340E-03 2.820E-03 4.535E-01 0.492E+00 8.815E-01  2.220E+00 -5.400E-01
9.500E+00 5.704E-03 2.721E-03 2.983E-03 4.771E-01 0.400E+00 9.744E-01  2.940E+00 -6.500E-01
9.800E+00 5.596E-03 2.658E-03 2.938E-03 4.750E-01 0.398E+00 9.561E-01  2.910E+00 -6.500E-01
1.000E+01 5.284E-03 2.559E-03 2.724E-03 4.844E-01 0.437E+00 9.027E-01  2.570E+00 -5.000E-01
1.060E+01 3.793E-03 2.024E-03 1.768E-03 5.337E-01 0.531E+00 6.479E-01  1.910E+00 -2.500E-01
1.100E+01 3.319E-03 1.863E-03 1.456E-03 5.614E-01 0.538E+00 5.671E-01  1.830E+00 -2.000E-01
1.150E+01 3.374E-03 1.446E-03 1.928E-03 4.286E-01 0.513E+00 5.765E-01  1.810E+00 -3.500E-01
1.250E+01 3.297E-03 1.110E-03 2.187E-03 3.368E-01 0.468E+00 5.633E-01  1.740E+00 -5.000E-01
1.300E+01 3.340E-03 1.560E-03 1.780E-03 4.671E-01 0.470E+00 5.707E-01  2.000E+00 -3.500E-01
1.400E+01 1.920E-03 7.855E-04 1.134E-03 4.092E-01 0.475E+00 3.280E-01  1.630E+00 -2.200E-01
1.480E+01 1.668E-03 5.372E-04 1.131E-03 3.220E-01 0.446E+00 2.850E-01  1.540E+00 -2.400E-01
1.500E+01 1.663E-03 4.770E-04 1.186E-03 2.869E-01 0.435E+00 2.841E-01  1.510E+00 -2.600E-01
1.640E+01 1.642E-03 3.581E-04 1.284E-03 2.181E-01 0.383E+00 2.806E-01  1.470E+00 -3.200E-01
1.720E+01 1.733E-03 3.550E-04 1.378E-03 2.048E-01 0.357E+00 2.961E-01  1.490E+00 -3.700E-01
1.800E+01 2.135E-03 5.998E-04 1.535E-03 2.809E-01 0.349E+00 3.648E-01  1.770E+00 -4.700E-01
1.850E+01 2.483E-03 8.352E-04 1.647E-03 3.364E-01 0.335E+00 4.242E-01  2.050E+00 -5.700E-01
2.000E+01 2.679E-03 8.409E-04 1.838E-03 3.139E-01 0.275E+00 4.577E-01  2.200E+00 -8.200E-01
2.130E+01 2.641E-03 8.552E-04 1.786E-03 3.239E-01 0.242E+00 4.512E-01  2.390E+00 -9.400E-01
2.250E+01 2.545E-03 8.900E-04 1.655E-03 3.497E-01 0.218E+00 4.348E-01  2.690E+00 -1.000E+00
2.500E+01 2.114E-03 8.146E-04 1.300E-03 3.853E-01 0.218E+00 3.612E-01  2.990E+00 -8.000E-01
2.790E+01 1.589E-03 4.774E-04 1.112E-03 3.004E-01 0.212E+00 2.715E-01  2.570E+00 -7.800E-01
3.000E+01 1.244E-03 3.284E-04 9.157E-04 2.640E-01 0.199E+00 2.125E-01  2.420E+00 -6.700E-01
3.500E+01 8.452E-04 1.809E-04 6.643E-04 2.140E-01 0.155E+00 1.444E-01  2.420E+00 -6.200E-01
4.000E+01 7.248E-04 1.034E-04 6.215E-04 1.426E-01 0.109E+00 1.238E-01  2.340E+00 -7.000E-01