2.500E-01 3.344E-03 3.343E-03 1.596E-07 1.000E+00 0.803E+00 8.932E-01  1.381E+00 -6.633E-07
3.000E-01 3.411E-03 3.411E-03 5.124E-08 1.000E+00 0.799E+00 9.113E-01  1.369E+00 -2.676E-07
3.500E-01 3.483E-03 3.483E-03 7.474E-09 1.000E+00 0.794E+00 9.305E-01  1.364E+00 -4.676E-08
4.000E-01 3.559E-03 3.559E-03 6.364E-10 1.000E+00 0.789E+00 9.508E-01  1.359E+00 -5.428E-09
4.500E-01 3.620E-03 3.620E-03 0.000E+00 1.000E+00 0.788E+00 9.671E-01  1.358E+00 -3.972E-09
5.000E-01 3.687E-03 3.687E-03 0.000E+00 1.000E+00 0.785E+00 9.850E-01  1.356E+00 -2.839E-09
5.500E-01 3.743E-03 3.743E-03 6.694E-10 1.000E+00 0.784E+00 1.000E+00  1.354E+00 -2.980E-09
6.000E-01 3.802E-03 3.802E-03 1.586E-09 1.000E+00 0.783E+00 1.016E+00  1.352E+00 -1.155E-08
6.500E-01 3.837E-03 3.837E-03 9.147E-10 1.000E+00 0.785E+00 1.025E+00  1.351E+00 -1.970E-08
7.000E-01 3.873E-03 3.873E-03 5.078E-09 1.000E+00 0.785E+00 1.035E+00  1.351E+00 -5.461E-08
7.500E-01 3.908E-03 3.908E-03 2.376E-08 1.000E+00 0.785E+00 1.044E+00  1.350E+00 -2.732E-07
8.000E-01 3.929E-03 3.929E-03 2.693E-08 1.000E+00 0.786E+00 1.050E+00  1.348E+00 -3.564E-07
9.000E-01 3.946E-03 3.945E-03 4.010E-07 9.999E-01 0.788E+00 1.054E+00  1.347E+00 -5.801E-06
1.000E+00 3.937E-03 3.935E-03 1.242E-06 9.997E-01 0.790E+00 1.052E+00  1.345E+00 -2.040E-05
1.250E+00 3.818E-03 3.816E-03 2.587E-06 9.993E-01 0.794E+00 1.020E+00  1.342E+00 -5.300E-05
1.500E+00 3.607E-03 3.598E-03 9.806E-06 9.973E-01 0.797E+00 9.637E-01  1.339E+00 -2.469E-04
1.750E+00 3.322E-03 3.316E-03 6.144E-06 9.982E-01 0.801E+00 8.874E-01  1.330E+00 -1.839E-04
2.000E+00 3.023E-03 2.992E-03 3.067E-05 9.899E-01 0.803E+00 8.075E-01  1.324E+00 -1.087E-03
2.500E+00 2.212E-03 2.170E-03 4.205E-05 9.810E-01 0.820E+00 5.909E-01  1.282E+00 -2.027E-03
3.000E+00 2.757E-03 1.219E-03 1.539E-03 4.420E-01 0.782E+00 7.366E-01  1.401E+00 -2.388E-01
3.200E+00 2.841E-03 1.910E-03 9.310E-04 6.724E-01 0.744E+00 7.591E-01  1.480E+00 -8.106E-02
3.390E+00 2.481E-03 2.173E-03 3.087E-04 8.756E-01 0.732E+00 6.629E-01  1.430E+00 -2.047E-02
3.500E+00 2.293E-03 2.161E-03 1.318E-04 9.425E-01 0.732E+00 6.126E-01  1.410E+00 -8.411E-03
3.750E+00 1.964E-03 1.916E-03 4.732E-05 9.759E-01 0.737E+00 5.246E-01  1.382E+00 -3.234E-03
4.000E+00 1.735E-03 1.680E-03 5.564E-05 9.679E-01 0.740E+00 4.636E-01  1.367E+00 -4.194E-03
4.500E+00 1.422E-03 1.293E-03 1.291E-04 9.092E-01 0.738E+00 3.799E-01  1.352E+00 -1.188E-02
5.000E+00 1.180E-03 1.073E-03 1.069E-04 9.094E-01 0.729E+00 3.151E-01  1.343E+00 -1.114E-02
5.500E+00 8.921E-04 8.033E-04 8.871E-05 9.006E-01 0.727E+00 2.383E-01  1.313E+00 -1.059E-02
6.000E+00 9.826E-04 4.378E-04 5.448E-04 4.456E-01 0.713E+00 2.625E-01  1.283E+00 -9.483E-02
6.200E+00 1.207E-03 7.148E-04 4.919E-04 5.924E-01 0.683E+00 3.224E-01  1.393E+00 -7.963E-02
6.500E+00 8.830E-04 6.547E-04 2.284E-04 7.414E-01 0.687E+00 2.359E-01  1.354E+00 -3.486E-02
7.200E+00 6.533E-04 4.847E-04 1.686E-04 7.419E-01 0.678E+00 1.745E-01  1.326E+00 -2.892E-02
7.900E+00 5.245E-04 3.633E-04 1.612E-04 6.926E-01 0.664E+00 1.401E-01  1.307E+00 -3.125E-02
8.200E+00 4.893E-04 3.263E-04 1.630E-04 6.668E-01 0.656E+00 1.307E-01  1.303E+00 -3.319E-02
8.500E+00 4.682E-04 3.022E-04 1.660E-04 6.454E-01 0.648E+00 1.251E-01  1.304E+00 -3.534E-02
8.700E+00 4.729E-04 3.037E-04 1.692E-04 6.422E-01 0.641E+00 1.263E-01  1.314E+00 -3.690E-02
9.000E+00 4.467E-04 2.780E-04 1.687E-04 6.223E-01 0.633E+00 1.193E-01  1.311E+00 -3.839E-02
9.200E+00 4.159E-04 2.476E-04 1.684E-04 5.952E-01 0.630E+00 1.111E-01  1.300E+00 -3.956E-02
9.500E+00 3.777E-04 2.106E-04 1.671E-04 5.576E-01 0.625E+00 1.009E-01  1.286E+00 -4.105E-02
9.800E+00 3.479E-04 1.772E-04 1.706E-04 5.095E-01 0.619E+00 9.293E-02  1.271E+00 -4.385E-02
1.000E+01 3.294E-04 1.549E-04 1.746E-04 4.701E-01 0.614E+00 8.801E-02  1.259E+00 -4.626E-02
1.060E+01 3.062E-04 9.820E-05 2.080E-04 3.207E-01 0.598E+00 8.179E-02  1.220E+00 -6.063E-02
1.100E+01 3.474E-04 7.290E-05 2.745E-04 2.098E-01 0.580E+00 9.281E-02  1.194E+00 -8.630E-02
1.150E+01 4.256E-04 5.899E-05 3.666E-04 1.386E-01 0.553E+00 1.137E-01  1.171E+00 -1.258E-01
1.250E+01 6.400E-04 6.840E-05 5.716E-04 1.069E-01 0.495E+00 1.710E-01  1.161E+00 -2.282E-01
1.300E+01 7.158E-04 7.881E-05 6.369E-04 1.101E-01 0.473E+00 1.912E-01  1.179E+00 -2.686E-01
1.400E+01 8.021E-04 9.596E-05 7.062E-04 1.196E-01 0.440E+00 2.143E-01  1.235E+00 -3.260E-01
1.480E+01 8.153E-04 1.024E-04 7.129E-04 1.256E-01 0.422E+00 2.178E-01  1.280E+00 -3.496E-01
1.500E+01 8.182E-04 1.044E-04 7.139E-04 1.275E-01 0.418E+00 2.186E-01  1.293E+00 -3.555E-01
1.640E+01 8.084E-04 1.115E-04 6.969E-04 1.379E-01 0.393E+00 2.160E-01  1.373E+00 -3.843E-01
1.720E+01 7.837E-04 1.162E-04 6.674E-04 1.483E-01 0.383E+00 2.093E-01  1.431E+00 -3.898E-01
1.800E+01 7.465E-04 1.144E-04 6.321E-04 1.533E-01 0.374E+00 1.994E-01  1.468E+00 -3.885E-01
1.850E+01 7.194E-04 1.112E-04 6.082E-04 1.546E-01 0.369E+00 1.922E-01  1.484E+00 -3.847E-01
2.000E+01 6.283E-04 9.781E-05 5.304E-04 1.557E-01 0.357E+00 1.678E-01  1.516E+00 -3.624E-01
2.130E+01 5.688E-04 8.534E-05 4.834E-04 1.500E-01 0.346E+00 1.519E-01  1.525E+00 -3.519E-01
2.250E+01 5.245E-04 7.659E-05 4.479E-04 1.460E-01 0.336E+00 1.401E-01  1.538E+00 -3.459E-01
2.500E+01 4.494E-04 6.130E-05 3.881E-04 1.364E-01 0.316E+00 1.201E-01  1.560E+00 -3.369E-01
2.790E+01 3.841E-04 4.747E-05 3.367E-04 1.236E-01 0.295E+00 1.026E-01  1.577E+00 -3.309E-01
3.000E+01 3.440E-04 3.887E-05 3.051E-04 1.130E-01 0.282E+00 9.190E-02  1.579E+00 -3.244E-01
3.500E+01 3.093E-04 2.470E-05 2.846E-04 7.984E-02 0.244E+00 8.264E-02  1.561E+00 -3.568E-01
4.000E+01 3.366E-04 1.840E-05 3.182E-04 5.467E-02 0.204E+00 8.993E-02  1.547E+00 -4.630E-01
