2.500E-01 2.141E-01 2.140E-01 7.714E-05 9.996E-01 0.847E+00 9.798E-01  1.381E+00 -6.597E-07
3.000E-01 2.154E-01 2.154E-01 2.638E-05 9.999E-01 0.859E+00 9.855E-01  1.369E+00 -2.661E-07
3.500E-01 2.160E-01 2.159E-01 4.042E-06 1.000E+00 0.853E+00 9.882E-01  1.364E+00 -4.653E-08
4.000E-01 2.169E-01 2.169E-01 4.912E-07 1.000E+00 0.854E+00 9.925E-01  1.359E+00 -5.408E-09
4.500E-01 2.175E-01 2.175E-01 4.019E-07 1.000E+00 0.856E+00 9.953E-01  1.358E+00 -3.955E-09
5.000E-01 2.180E-01 2.180E-01 2.079E-07 1.000E+00 0.856E+00 9.978E-01  1.356E+00 -2.828E-09
5.500E-01 2.185E-01 2.185E-01 1.563E-07 1.000E+00 0.858E+00 1.000E+00  1.354E+00 -2.974E-09
6.000E-01 2.195E-01 2.195E-01 5.103E-07 1.000E+00 0.855E+00 1.005E+00  1.352E+00 -1.154E-08
6.500E-01 2.200E-01 2.200E-01 8.525E-07 1.000E+00 0.855E+00 1.007E+00  1.351E+00 -1.968E-08
7.000E-01 2.206E-01 2.206E-01 2.459E-06 1.000E+00 0.854E+00 1.010E+00  1.351E+00 -5.449E-08
7.500E-01 2.218E-01 2.217E-01 1.151E-05 9.999E-01 0.851E+00 1.015E+00  1.350E+00 -2.725E-07
8.000E-01 2.216E-01 2.216E-01 1.395E-05 9.999E-01 0.852E+00 1.014E+00  1.348E+00 -3.551E-07
9.000E-01 2.231E-01 2.229E-01 2.088E-04 9.991E-01 0.850E+00 1.021E+00  1.347E+00 -5.770E-06
1.000E+00 2.236E-01 2.229E-01 6.381E-04 9.971E-01 0.851E+00 1.023E+00  1.345E+00 -2.030E-05
1.250E+00 2.273E-01 2.259E-01 1.325E-03 9.942E-01 0.843E+00 1.040E+00  1.342E+00 -5.274E-05
1.500E+00 2.297E-01 2.247E-01 5.032E-03 9.781E-01 0.839E+00 1.051E+00  1.339E+00 -2.466E-04
1.750E+00 2.325E-01 2.292E-01 3.287E-03 9.859E-01 0.835E+00 1.064E+00  1.330E+00 -1.835E-04
2.000E+00 2.356E-01 2.203E-01 1.531E-02 9.350E-01 0.840E+00 1.078E+00  1.324E+00 -1.087E-03
2.500E+00 2.432E-01 2.219E-01 2.132E-02 9.123E-01 0.854E+00 1.113E+00  1.282E+00 -2.025E-03
3.000E+00 2.357E-01 1.196E-01 1.161E-01 5.075E-01 0.943E+00 1.079E+00  1.401E+00 -2.390E-01
3.200E+00 2.423E-01 1.278E-01 1.146E-01 5.273E-01 0.922E+00 1.109E+00  1.480E+00 -8.113E-02
3.390E+00 2.470E-01 1.633E-01 8.370E-02 6.611E-01 0.857E+00 1.130E+00  1.430E+00 -2.049E-02
3.500E+00 2.493E-01 1.974E-01 5.190E-02 7.918E-01 0.819E+00 1.141E+00  1.410E+00 -8.417E-03
3.750E+00 2.532E-01 2.287E-01 2.450E-02 9.033E-01 0.799E+00 1.159E+00  1.382E+00 -3.235E-03
4.000E+00 2.564E-01 2.277E-01 2.865E-02 8.882E-01 0.806E+00 1.173E+00  1.367E+00 -4.197E-03
4.500E+00 2.609E-01 2.054E-01 5.549E-02 7.873E-01 0.836E+00 1.194E+00  1.352E+00 -1.189E-02
5.000E+00 2.652E-01 2.152E-01 5.000E-02 8.115E-01 0.833E+00 1.214E+00  1.343E+00 -1.115E-02
5.500E+00 2.684E-01 2.237E-01 4.476E-02 8.333E-01 0.845E+00 1.228E+00  1.313E+00 -1.059E-02
6.000E+00 2.478E-01 1.353E-01 1.125E-01 5.461E-01 0.925E+00 1.134E+00  1.283E+00 -9.490E-02
6.200E+00 2.610E-01 1.489E-01 1.121E-01 5.704E-01 0.889E+00 1.194E+00  1.393E+00 -7.968E-02
6.500E+00 2.677E-01 1.842E-01 8.353E-02 6.880E-01 0.861E+00 1.225E+00  1.354E+00 -3.489E-02
7.200E+00 2.675E-01 1.957E-01 7.185E-02 7.314E-01 0.862E+00 1.224E+00  1.326E+00 -2.894E-02
7.900E+00 2.628E-01 1.922E-01 7.062E-02 7.313E-01 0.870E+00 1.203E+00  1.307E+00 -3.126E-02
8.200E+00 2.603E-01 1.890E-01 7.131E-02 7.261E-01 0.873E+00 1.191E+00  1.303E+00 -3.320E-02
8.500E+00 2.586E-01 1.862E-01 7.240E-02 7.200E-01 0.873E+00 1.183E+00  1.303E+00 -3.535E-02
8.700E+00 2.596E-01 1.860E-01 7.369E-02 7.162E-01 0.869E+00 1.188E+00  1.313E+00 -3.690E-02
9.000E+00 2.574E-01 1.835E-01 7.382E-02 7.132E-01 0.870E+00 1.178E+00  1.311E+00 -3.840E-02
9.200E+00 2.531E-01 1.795E-01 7.354E-02 7.094E-01 0.875E+00 1.158E+00  1.300E+00 -3.957E-02
9.500E+00 2.465E-01 1.736E-01 7.294E-02 7.041E-01 0.882E+00 1.128E+00  1.285E+00 -4.107E-02
9.800E+00 2.385E-01 1.651E-01 7.339E-02 6.923E-01 0.888E+00 1.091E+00  1.271E+00 -4.388E-02
1.000E+01 2.315E-01 1.576E-01 7.388E-02 6.809E-01 0.894E+00 1.059E+00  1.259E+00 -4.629E-02
1.060E+01 2.056E-01 1.265E-01 7.913E-02 6.152E-01 0.910E+00 9.409E-01  1.219E+00 -6.067E-02
1.100E+01 1.885E-01 9.984E-02 8.861E-02 5.298E-01 0.918E+00 8.623E-01  1.194E+00 -8.636E-02
1.150E+01 1.777E-01 7.974E-02 9.797E-02 4.487E-01 0.918E+00 8.132E-01  1.171E+00 -1.259E-01
1.250E+01 1.866E-01 7.411E-02 1.125E-01 3.972E-01 0.900E+00 8.537E-01  1.160E+00 -2.284E-01
1.300E+01 1.951E-01 7.809E-02 1.170E-01 4.002E-01 0.888E+00 8.928E-01  1.179E+00 -2.688E-01
1.400E+01 2.092E-01 8.576E-02 1.235E-01 4.099E-01 0.867E+00 9.575E-01  1.235E+00 -3.263E-01
1.480E+01 2.164E-01 8.995E-02 1.265E-01 4.156E-01 0.853E+00 9.904E-01  1.280E+00 -3.499E-01
1.500E+01 2.184E-01 9.115E-02 1.273E-01 4.173E-01 0.850E+00 9.995E-01  1.293E+00 -3.557E-01
1.640E+01 2.287E-01 9.749E-02 1.312E-01 4.262E-01 0.827E+00 1.047E+00  1.373E+00 -3.845E-01
1.720E+01 2.351E-01 1.021E-01 1.331E-01 4.341E-01 0.813E+00 1.076E+00  1.431E+00 -3.900E-01
1.800E+01 2.382E-01 1.044E-01 1.337E-01 4.385E-01 0.803E+00 1.090E+00  1.468E+00 -3.887E-01
1.850E+01 2.390E-01 1.052E-01 1.338E-01 4.403E-01 0.797E+00 1.094E+00  1.484E+00 -3.849E-01
2.000E+01 2.388E-01 1.064E-01 1.324E-01 4.457E-01 0.784E+00 1.093E+00  1.515E+00 -3.626E-01
2.130E+01 2.362E-01 1.054E-01 1.308E-01 4.463E-01 0.774E+00 1.081E+00  1.525E+00 -3.520E-01
2.250E+01 2.345E-01 1.049E-01 1.296E-01 4.474E-01 0.765E+00 1.073E+00  1.538E+00 -3.460E-01
2.500E+01 2.298E-01 1.031E-01 1.267E-01 4.487E-01 0.746E+00 1.052E+00  1.560E+00 -3.370E-01
2.790E+01 2.230E-01 9.988E-02 1.231E-01 4.480E-01 0.726E+00 1.020E+00  1.577E+00 -3.309E-01
3.000E+01 2.161E-01 9.639E-02 1.197E-01 4.460E-01 0.715E+00 9.889E-01  1.579E+00 -3.245E-01
3.500E+01 1.997E-01 8.324E-02 1.165E-01 4.168E-01 0.689E+00 9.138E-01  1.561E+00 -3.567E-01
4.000E+01 1.938E-01 7.236E-02 1.215E-01 3.733E-01 0.650E+00 8.870E-01  1.547E+00 -4.625E-01
