2.500E-01 3.190E-04 3.190E-04 1.331E-10 1.000E+00 0.762E+00 1.213E+00  1.387E+00 -2.870E-08
3.000E-01 3.193E-04 3.193E-04 1.903E-11 1.000E+00 0.772E+00 1.214E+00  1.374E+00 -1.477E-08
3.500E-01 3.138E-04 3.138E-04 3.740E-11 1.000E+00 0.777E+00 1.193E+00  1.365E+00 -7.215E-09
4.000E-01 3.034E-04 3.034E-04 0.000E+00 1.000E+00 0.782E+00 1.154E+00  1.360E+00 -3.523E-09
4.500E-01 2.911E-04 2.911E-04 3.470E-11 1.000E+00 0.784E+00 1.107E+00  1.356E+00 -2.855E-09
5.000E-01 2.774E-04 2.774E-04 0.000E+00 1.000E+00 0.784E+00 1.055E+00  1.355E+00 -2.839E-09
5.500E-01 2.629E-04 2.629E-04 3.134E-11 1.000E+00 0.784E+00 1.000E+00  1.353E+00 -3.603E-09
6.000E-01 2.487E-04 2.487E-04 2.964E-11 1.000E+00 0.782E+00 9.457E-01  1.352E+00 -1.168E-08
6.500E-01 2.345E-04 2.345E-04 4.194E-11 1.000E+00 0.780E+00 8.920E-01  1.351E+00 -1.646E-08
7.000E-01 2.211E-04 2.211E-04 5.272E-11 1.000E+00 0.777E+00 8.410E-01  1.351E+00 -3.084E-08
7.500E-01 2.078E-04 2.078E-04 2.849E-10 1.000E+00 0.775E+00 7.904E-01  1.350E+00 -1.388E-07
8.000E-01 1.951E-04 1.951E-04 1.744E-10 1.000E+00 0.772E+00 7.420E-01  1.349E+00 -1.171E-07
9.000E-01 1.722E-04 1.722E-04 6.159E-10 1.000E+00 0.766E+00 6.550E-01  1.348E+00 -4.388E-07
1.000E+00 1.518E-04 1.518E-04 3.185E-09 1.000E+00 0.759E+00 5.774E-01  1.346E+00 -2.612E-06
1.250E+00 1.107E-04 1.107E-04 8.039E-09 9.999E-01 0.741E+00 4.212E-01  1.341E+00 -8.340E-06
1.500E+00 8.228E-05 8.214E-05 1.393E-07 9.983E-01 0.721E+00 3.129E-01  1.338E+00 -1.837E-04
1.750E+00 6.070E-05 6.060E-05 1.026E-07 9.983E-01 0.702E+00 2.309E-01  1.330E+00 -1.646E-04
2.000E+00 4.574E-05 4.514E-05 5.926E-07 9.870E-01 0.683E+00 1.740E-01  1.322E+00 -1.133E-03
2.500E+00 2.263E-05 2.180E-05 8.298E-07 9.633E-01 0.651E+00 8.606E-02  1.278E+00 -2.153E-03
3.000E+00 7.251E-05 1.722E-05 5.529E-05 2.375E-01 0.539E+00 2.758E-01  1.355E+00 -2.359E-01
3.200E+00 4.888E-05 2.266E-05 2.622E-05 4.637E-01 0.551E+00 1.859E-01  1.444E+00 -1.011E-01
3.390E+00 3.217E-05 1.909E-05 1.308E-05 5.934E-01 0.551E+00 1.223E-01  1.408E+00 -5.066E-02
3.500E+00 2.721E-05 1.720E-05 1.000E-05 6.323E-01 0.547E+00 1.035E-01  1.395E+00 -3.976E-02
3.750E+00 2.051E-05 1.361E-05 6.900E-06 6.635E-01 0.535E+00 7.800E-02  1.375E+00 -2.955E-02
4.000E+00 1.702E-05 1.069E-05 6.332E-06 6.280E-01 0.521E+00 6.473E-02  1.358E+00 -2.940E-02
4.500E+00 1.376E-05 7.226E-06 6.536E-06 5.251E-01 0.491E+00 5.234E-02  1.343E+00 -3.518E-02
5.000E+00 1.085E-05 5.168E-06 5.681E-06 4.763E-01 0.463E+00 4.126E-02  1.332E+00 -3.459E-02
5.500E+00 1.017E-05 3.351E-06 6.820E-06 3.294E-01 0.434E+00 3.868E-02  1.306E+00 -4.662E-02
6.000E+00 1.854E-05 2.502E-06 1.603E-05 1.350E-01 0.389E+00 7.050E-02  1.298E+00 -1.250E-01
6.200E+00 1.618E-05 3.424E-06 1.276E-05 2.116E-01 0.389E+00 6.155E-02  1.375E+00 -1.037E-01
6.500E+00 9.497E-06 2.632E-06 6.866E-06 2.771E-01 0.387E+00 3.612E-02  1.345E+00 -5.734E-02
7.200E+00 8.053E-06 1.411E-06 6.642E-06 1.752E-01 0.356E+00 3.063E-02  1.291E+00 -6.150E-02
7.900E+00 1.322E-05 9.460E-07 1.227E-05 7.157E-02 0.314E+00 5.027E-02  1.263E+00 -1.267E-01
8.200E+00 1.570E-05 9.393E-07 1.476E-05 5.984E-02 0.298E+00 5.970E-02  1.268E+00 -1.597E-01
8.500E+00 1.714E-05 1.030E-06 1.611E-05 6.009E-02 0.287E+00 6.518E-02  1.297E+00 -1.835E-01
8.700E+00 1.703E-05 1.106E-06 1.592E-05 6.492E-02 0.283E+00 6.477E-02  1.325E+00 -1.879E-01
9.000E+00 1.418E-05 1.037E-06 1.315E-05 7.313E-02 0.282E+00 5.395E-02  1.341E+00 -1.611E-01
9.200E+00 1.316E-05 8.902E-07 1.227E-05 6.763E-02 0.277E+00 5.007E-02  1.325E+00 -1.528E-01
9.500E+00 1.542E-05 8.751E-07 1.454E-05 5.676E-02 0.263E+00 5.863E-02  1.330E+00 -1.886E-01
9.800E+00 1.394E-05 9.247E-07 1.302E-05 6.632E-02 0.262E+00 5.303E-02  1.368E+00 -1.770E-01
1.000E+01 1.049E-05 7.817E-07 9.712E-06 7.449E-02 0.264E+00 3.991E-02  1.355E+00 -1.334E-01
1.060E+01 9.133E-06 4.549E-07 8.678E-06 4.981E-02 0.246E+00 3.474E-02  1.290E+00 -1.231E-01
1.100E+01 1.242E-05 3.848E-07 1.204E-05 3.097E-02 0.227E+00 4.725E-02  1.259E+00 -1.761E-01
1.150E+01 1.262E-05 3.905E-07 1.223E-05 3.095E-02 0.218E+00 4.799E-02  1.282E+00 -1.894E-01
1.250E+01 1.510E-05 3.100E-07 1.479E-05 2.053E-02 0.191E+00 5.743E-02  1.249E+00 -2.465E-01
1.300E+01 1.653E-05 3.197E-07 1.621E-05 1.934E-02 0.180E+00 6.285E-02  1.257E+00 -2.825E-01
1.400E+01 1.773E-05 3.377E-07 1.739E-05 1.905E-02 0.165E+00 6.742E-02  1.298E+00 -3.342E-01
1.480E+01 1.755E-05 3.284E-07 1.722E-05 1.871E-02 0.156E+00 6.676E-02  1.330E+00 -3.570E-01
1.500E+01 1.754E-05 3.240E-07 1.722E-05 1.847E-02 0.154E+00 6.672E-02  1.335E+00 -3.630E-01
1.640E+01 1.814E-05 3.139E-07 1.782E-05 1.731E-02 0.138E+00 6.898E-02  1.382E+00 -4.243E-01
1.720E+01 1.789E-05 3.356E-07 1.756E-05 1.876E-02 0.133E+00 6.806E-02  1.455E+00 -4.619E-01
1.800E+01 1.230E-05 2.762E-07 1.203E-05 2.245E-02 0.141E+00 4.679E-02  1.531E+00 -3.473E-01
1.850E+01 1.165E-05 2.557E-07 1.139E-05 2.196E-02 0.139E+00 4.430E-02  1.542E+00 -3.412E-01
2.000E+01 9.912E-06 1.925E-07 9.720E-06 1.942E-02 0.130E+00 3.770E-02  1.550E+00 -3.175E-01
2.130E+01 1.049E-05 1.639E-07 1.033E-05 1.561E-02 0.118E+00 3.992E-02  1.550E+00 -3.613E-01
2.250E+01 8.100E-06 1.332E-07 7.967E-06 1.644E-02 0.117E+00 3.081E-02  1.580E+00 -3.008E-01
2.500E+01 7.597E-06 1.003E-07 7.496E-06 1.321E-02 0.104E+00 2.889E-02  1.613E+00 -3.241E-01
2.790E+01 6.336E-06 6.733E-08 6.269E-06 1.063E-02 0.924E-01 2.410E-02  1.625E+00 -3.065E-01
3.000E+01 5.694E-06 5.099E-08 5.643E-06 8.956E-03 0.848E-01 2.166E-02  1.626E+00 -2.978E-01
3.500E+01 5.048E-06 2.754E-08 5.021E-06 5.456E-03 0.678E-01 1.920E-02  1.607E+00 -3.062E-01
4.000E+01 5.080E-06 1.709E-08 5.063E-06 3.364E-03 0.546E-01 1.932E-02  1.595E+00 -3.513E-01
