2.500E-01 2.169E-05 2.000E-05 1.685E-06 9.223E-01 0.748E+00 2.263E+00  1.418E+00 -9.976E-03
3.000E-01 1.885E-05 1.844E-05 4.059E-07 9.785E-01 0.736E+00 1.967E+00  1.409E+00 -2.660E-03
3.500E-01 1.637E-05 1.615E-05 2.160E-07 9.868E-01 0.730E+00 1.708E+00  1.405E+00 -1.663E-03
4.000E-01 1.423E-05 1.405E-05 1.842E-07 9.871E-01 0.724E+00 1.485E+00  1.403E+00 -1.663E-03
4.500E-01 1.244E-05 1.228E-05 1.603E-07 9.871E-01 0.718E+00 1.298E+00  1.401E+00 -1.663E-03
5.000E-01 1.090E-05 1.076E-05 1.411E-07 9.871E-01 0.710E+00 1.137E+00  1.400E+00 -1.663E-03
5.500E-01 9.584E-06 9.434E-06 1.503E-07 9.843E-01 0.704E+00 1.000E+00  1.399E+00 -1.995E-03
6.000E-01 8.472E-06 8.337E-06 1.352E-07 9.840E-01 0.696E+00 8.840E-01  1.398E+00 -1.995E-03
6.500E-01 7.521E-06 7.378E-06 1.425E-07 9.811E-01 0.689E+00 7.847E-01  1.397E+00 -2.328E-03
7.000E-01 6.711E-06 6.581E-06 1.299E-07 9.806E-01 0.681E+00 7.002E-01  1.397E+00 -2.328E-03
7.500E-01 6.004E-06 5.860E-06 1.443E-07 9.760E-01 0.674E+00 6.264E-01  1.397E+00 -2.827E-03
8.000E-01 5.326E-06 5.170E-06 1.558E-07 9.708E-01 0.668E+00 5.557E-01  1.393E+00 -3.325E-03
9.000E-01 4.347E-06 4.174E-06 1.738E-07 9.600E-01 0.653E+00 4.536E-01  1.392E+00 -4.323E-03
1.000E+00 3.592E-06 3.411E-06 1.809E-07 9.496E-01 0.639E+00 3.748E-01  1.391E+00 -5.156E-03
1.250E+00 2.286E-06 2.120E-06 1.663E-07 9.273E-01 0.607E+00 2.386E-01  1.385E+00 -6.324E-03
1.500E+00 1.571E-06 1.412E-06 1.586E-07 8.990E-01 0.575E+00 1.639E-01  1.384E+00 -7.616E-03
1.750E+00 1.010E-06 9.090E-07 1.010E-07 9.000E-01 0.550E+00 1.054E-01  1.365E+00 -5.886E-03
2.000E+00 6.406E-07 5.911E-07 4.946E-08 9.228E-01 0.527E+00 6.684E-02  1.344E+00 -3.395E-03
2.500E+00 3.338E-07 2.764E-07 5.746E-08 8.279E-01 0.480E+00 3.483E-02  1.314E+00 -5.152E-03
3.000E+00 1.780E-06 2.227E-07 1.557E-06 1.251E-01 0.385E+00 1.857E-01  1.387E+00 -1.889E-01
3.200E+00 7.702E-07 2.646E-07 5.056E-07 3.436E-01 0.404E+00 8.036E-02  1.462E+00 -6.433E-02
3.390E+00 3.423E-07 2.075E-07 1.348E-07 6.062E-01 0.404E+00 3.571E-02  1.425E+00 -1.779E-02
3.500E+00 2.439E-07 1.856E-07 5.829E-08 7.610E-01 0.399E+00 2.545E-02  1.417E+00 -7.937E-03
3.750E+00 1.642E-07 1.392E-07 2.503E-08 8.476E-01 0.385E+00 1.714E-02  1.397E+00 -3.666E-03
4.000E+00 1.386E-07 1.085E-07 3.010E-08 7.829E-01 0.371E+00 1.446E-02  1.386E+00 -4.733E-03
4.500E+00 1.447E-07 7.070E-08 7.397E-08 4.887E-01 0.342E+00 1.509E-02  1.375E+00 -1.327E-02
5.000E+00 1.100E-07 4.894E-08 6.105E-08 4.450E-01 0.319E+00 1.148E-02  1.367E+00 -1.227E-02
5.500E+00 9.424E-08 3.210E-08 6.214E-08 3.406E-01 0.296E+00 9.833E-03  1.345E+00 -1.373E-02
6.000E+00 3.486E-07 1.970E-08 3.289E-07 5.651E-02 0.261E+00 3.637E-02  1.313E+00 -7.907E-02
6.200E+00 2.884E-07 2.610E-08 2.623E-07 9.050E-02 0.262E+00 3.009E-02  1.385E+00 -6.772E-02
6.500E+00 1.596E-07 2.198E-08 1.376E-07 1.378E-01 0.258E+00 1.665E-02  1.379E+00 -3.714E-02
7.200E+00 1.643E-07 1.276E-08 1.515E-07 7.764E-02 0.233E+00 1.714E-02  1.341E+00 -4.470E-02
7.900E+00 1.476E-07 5.650E-09 1.419E-07 3.828E-02 0.209E+00 1.540E-02  1.263E+00 -4.424E-02
8.200E+00 1.838E-07 2.855E-09 1.809E-07 1.554E-02 0.193E+00 1.918E-02  1.194E+00 -5.668E-02
8.500E+00 2.870E-07 5.403E-09 2.816E-07 1.883E-02 0.189E+00 2.995E-02  1.285E+00 -9.599E-02
8.700E+00 2.981E-07 2.160E-08 2.765E-07 7.245E-02 0.211E+00 3.110E-02  1.647E+00 -1.217E-01
9.000E+00 3.382E-07 2.160E-08 3.166E-07 6.387E-02 0.205E+00 3.528E-02  1.694E+00 -1.497E-01
9.200E+00 3.914E-07 1.442E-08 3.770E-07 3.684E-02 0.189E+00 4.084E-02  1.569E+00 -1.674E-01
9.500E+00 2.019E-07 9.330E-09 1.925E-07 4.622E-02 0.188E+00 2.106E-02  1.478E+00 -8.284E-02
9.800E+00 1.537E-07 7.249E-09 1.465E-07 4.716E-02 0.183E+00 1.604E-02  1.442E+00 -6.356E-02
1.000E+01 1.524E-07 6.089E-09 1.463E-07 3.996E-02 0.177E+00 1.590E-02  1.418E+00 -6.384E-02
1.060E+01 1.556E-07 3.998E-09 1.516E-07 2.570E-02 0.163E+00 1.623E-02  1.372E+00 -6.826E-02
1.100E+01 1.799E-07 3.017E-09 1.769E-07 1.677E-02 0.153E+00 1.877E-02  1.342E+00 -8.124E-02
1.150E+01 2.367E-07 2.209E-09 2.345E-07 9.332E-03 0.141E+00 2.470E-02  1.307E+00 -1.104E-01
1.250E+01 3.777E-07 1.800E-09 3.759E-07 4.767E-03 0.121E+00 3.941E-02  1.288E+00 -1.905E-01
1.300E+01 4.186E-07 1.834E-09 4.168E-07 4.381E-03 0.115E+00 4.368E-02  1.304E+00 -2.219E-01
1.400E+01 4.678E-07 1.766E-09 4.660E-07 3.774E-03 0.104E+00 4.881E-02  1.326E+00 -2.712E-01
1.480E+01 4.874E-07 1.525E-09 4.859E-07 3.129E-03 0.960E-01 5.086E-02  1.319E+00 -2.976E-01
1.500E+01 5.407E-07 1.632E-09 5.390E-07 3.019E-03 0.926E-01 5.641E-02  1.320E+00 -3.348E-01
1.640E+01 4.456E-07 1.795E-09 4.438E-07 4.027E-03 0.919E-01 4.650E-02  1.480E+00 -3.382E-01
1.720E+01 4.146E-07 2.113E-09 4.125E-07 5.097E-03 0.929E-01 4.326E-02  1.617E+00 -3.668E-01
1.800E+01 3.741E-07 1.707E-09 3.724E-07 4.562E-03 0.891E-01 3.903E-02  1.608E+00 -3.442E-01
1.850E+01 3.650E-07 1.436E-09 3.636E-07 3.934E-03 0.852E-01 3.809E-02  1.578E+00 -3.375E-01
2.000E+01 3.062E-07 1.344E-09 3.049E-07 4.390E-03 0.837E-01 3.195E-02  1.693E+00 -3.355E-01
2.130E+01 2.848E-07 1.029E-09 2.837E-07 3.613E-03 0.774E-01 2.971E-02  1.680E+00 -3.295E-01
2.250E+01 2.691E-07 8.176E-10 2.683E-07 3.038E-03 0.721E-01 2.808E-02  1.670E+00 -3.268E-01
2.500E+01 2.491E-07 5.250E-10 2.485E-07 2.108E-03 0.622E-01 2.599E-02  1.647E+00 -3.307E-01
2.790E+01 2.177E-07 3.399E-10 2.173E-07 1.562E-03 0.540E-01 2.271E-02  1.646E+00 -3.227E-01
3.000E+01 2.006E-07 2.526E-10 2.003E-07 1.260E-03 0.489E-01 2.093E-02  1.640E+00 -3.187E-01
3.500E+01 1.889E-07 1.508E-10 1.887E-07 7.986E-04 0.392E-01 1.971E-02  1.661E+00 -3.573E-01
4.000E+01 1.994E-07 9.316E-11 1.993E-07 4.672E-04 0.307E-01 2.080E-02  1.632E+00 -4.232E-01
