

 Wavenumbers:   820. - 50000. cm-1
 LEVEL PRESSURE   UPWARD FLUX   DIFDOWN FLUX  DIRDOWN FLUX  DOWNWARD FLUX   NET FLUX    HEATING RATE
          mb          W/m2          W/m2          W/m2          W/m2          W/m2       degree/day
  60   .000300       44.1267        0.0000      578.2357      578.2357     534.109003       0.00000
  59    0.1000       44.1200        0.0104      578.1179      578.1282     534.008231       8.52988
  58    0.1403       44.1174        0.0145      578.0548      578.0693     533.951890      11.79807
  57    0.1968       44.1139        0.0204      577.9506      577.9710     533.857036      14.16791
  56    0.2760       44.1092        0.0284      577.7820      577.8104     533.701156      16.60970
  55    0.3871       44.1028        0.0396      577.5191      577.5587     533.455865      18.63212
  54    0.5430       44.0942        0.0548      577.1195      577.1743     533.080163      20.33733
  53    0.7617       44.0829        0.0756      576.5104      576.5860     532.503085      22.26804
  52     1.069       44.0684        0.1038      575.6361      575.7399     531.671470      22.87510
  51     1.499       44.0506        0.1417      574.5193      574.6610     530.610372      20.81041
  50     2.102       44.0302        0.1927      573.2299      573.4226     529.392423      17.02847
  49     2.949       44.0082        0.2637      571.7893      572.0529     528.044765      13.43377
  48     4.137       43.9864        0.3616      570.2062      570.5679     526.581471      10.39819
  47     5.803       43.9630        0.4969      568.5000      568.9969     525.033893       7.83970
  46     8.139       43.9302        0.6843      566.6734      567.3577     523.427426       5.80183
  45     11.42       43.8751        0.9441      564.6901      565.6342     521.759048       4.29545
  44     16.01       43.7832        1.3031      562.4671      563.7702     519.987037       3.25253
  43     22.46       43.6341        1.7993      559.9045      561.7037     518.069686       2.50891
  42     31.51       43.3877        2.4845      556.9714      559.4558     516.068091       1.86720
  41     44.20       42.9772        3.4316      553.6584      557.0900     514.112772       1.30036
  40     62.00       42.3348        4.7246      549.8105      554.5351     512.200327       0.90671
  39     85.78       41.3831        6.4084      545.5251      551.9335     510.550393       0.58566
  38     109.5       40.3623        8.0691      541.6252      549.6943     509.331952       0.43249
  37     133.1       39.3641        9.6155      538.0596      547.6751     508.311054       0.36662
  36     156.8       38.3836       11.0729      534.7151      545.7880     507.404438       0.32148
  35     180.6       37.3293       12.5744      531.2504      543.8249     506.495537       0.32268
  34     202.8       36.3024       13.9768      527.8568      541.8335     505.531130       0.36616
  33     228.4       35.2478       15.3631      524.1470      539.5101     504.262308       0.41863
  32     252.2       34.1850       16.7095      520.0905      536.7999     502.614895       0.58476
  31     276.0       33.1296       17.9987      515.6773      533.6760     500.546382       0.73423
  30     299.8       32.0616       19.2573      510.7781      530.0354     497.973813       0.91315
  29     323.5       30.9882       20.4783      505.5297      526.0080     495.019829       1.04854
  28     347.3       29.9215       21.6495      500.0898      521.7394     491.817862       1.13656
  27     371.1       28.8658       22.7691      494.6131      517.3822     488.516387       1.17188
  26     394.9       27.7931       23.8678      488.9359      512.8037     485.010649       1.24439
  25     418.6       26.7209       24.9280      483.1863      508.1143     481.393390       1.28397
  24     442.4       25.6476       25.9523      477.3746      503.3269     477.679216       1.31837
  23     466.2       24.5698       26.9450      471.5677      498.5127     473.942896       1.32623
  22     489.9       23.5024       27.8937      465.8447      493.7384     470.235960       1.31580
  21     513.7       22.4270       28.8155      460.0849      488.9004     466.473437       1.33553
  20     537.5       21.3600       29.6973      454.3712      484.0685     462.708435       1.33641
  19     561.3       20.2999       30.5418      448.7016      479.2434     458.943501       1.33639
  18     585.0       19.2234       31.3679      443.0185      474.3864     455.162974       1.34192
  17     608.8       18.1559       32.1565      437.4797      469.6362     451.480316       1.30718
  16     632.6       17.0971       32.9093      432.0685      464.9778     447.880733       1.27770
  15     656.4       16.0251       33.6419      426.6206      460.2624     444.237327       1.29325
  14     680.1       14.9613       34.3396      421.1916      455.5312     440.569901       1.30178
  13     703.9       13.9053       35.0036      415.7742      450.7778     436.872453       1.31243
  12     727.7       12.8412       35.6442      410.2631      445.9073     433.066063       1.35110
  11     751.5       11.7690       36.2608      404.5951      440.8559     429.086871       1.41244
  10     775.2       10.7015       36.8457      398.8349      435.6806     424.979091       1.45809
   9     799.0        9.6389       37.3997      392.9938      430.3934     420.754556       1.49953
   8     822.8        8.5636       37.9324      387.0979      425.0303     416.466696       1.52201
   7     846.6        7.4881       38.4401      381.4502      419.8903     412.402235       1.44271
   6     870.4        6.4179       38.9207      376.0579      414.9786     408.560750       1.36356
   5     894.1        5.3525       39.3751      370.8888      410.2639     404.911421       1.29535
   4     917.9        4.2802       39.8084      365.8578      405.6661     401.385916       1.25140
   3     941.7        3.2042       40.2189      360.9454      401.1643     397.960096       1.21602
   2     965.5        2.1324       40.6041      356.1750      396.7791     394.646707       1.17611
   1     989.2        1.0644       40.9647      351.5398      392.5045     391.440064       1.13798
   0     1013.        0.0000       41.3013      347.0284      388.3297     388.329676       1.10429

  Modules and versions used in this calculation:

                rrtm.f:  $Revision: 2.10 $                    rrtatm.f:  NOT USED          
             setcoef.f:  $Revision: 2.6 $                  taumoldis.f:  $Revision: 2.5 $  
            util_xxx.f:  NOT USED                            cldprop.f:  NOT USED          
              rtrdis.f:  $Revision: 2.6 $                     disort.f:  $Revision: 2.4 $  
            RDI1MACH.f:  NOT USED                            ErrPack.f:  NOT USED          
              LINPAK.f:  $Revision: 2.3 $                      extra.f:  NOT USED          
             k_gb16.f:   $Revision: 2.4 $                    k_gb17.f:   $Revision: 2.3 $  
             k_gb18.f:   $Revision: 2.3 $                    k_gb19.f:   $Revision: 2.3 $  
             k_gb20.f:   $Revision: 2.3 $                    k_gb21.f:   $Revision: 2.3 $  
             k_gb22.f:   $Revision: 2.3 $                    k_gb23.f:   $Revision: 2.3 $  
             k_gb24.f:   $Revision: 2.3 $                    k_gb25.f:   $Revision: 2.3 $  
                                                             k_gb27.f:   $Revision: 2.3 $  
             k_gb28.f:   $Revision: 2.3 $                    k_gb29.f:   $Revision: 2.3 $  

